0	->
	2937	(198)

1	->
	2894	(46)

2	->
	2705	(162)
	2706	(57)
	2707	(36)

3	->
	2858	(386)

4	->
	1677	(85)

5	->
	3531	(84)
	3536	(25)

6	->
	605	(24)
	607	(21)
	609	(28)

7	->
	3041	(40)

8	->
	501	(73)
	502	(19)
	503	(16)

9	->
	694	(119)
	696	(19)

10	->
	3280	(25)

11	->
	3185	(42)
	3184	(64)

12	->
	770	(78)

13	->
	1970	(26)

14	->
	2092	(16)
	2115	(15)

15	->
	2109	(16)

16	->
	155	(21)

17	->
	1601	(31)

18	->
	519	(22)
	520	(17)

19	->
	1388	(18)

20	->
	401	(206)

21	->
	2905	(77)
	2906	(18)
	2910	(77)

22	->
	2889	(26)

23	->
	2423	(42)

24	->
	1282	(43)

25	->
	3505	(26)

26	->
	397	(17)
	391	(27)

27	->
	882	(21)
	883	(19)

28	->
	3749	(132)

29	->
	7	(40)
	10	(25)

30	->
	1980	(27)

31	->
	2554	(42)

32	->
	1458	(50)

33	->
	3474	(23)
	3473	(22)

34	->
	1851	(44)

35	->
	3480	(21)

36	->
	1081	(20)
	1084	(39)

37	->
	3200	(31)

38	->
	1706	(25)

39	->
	3502	(149)
	3508	(26)

40	->
	3122	(62)
	3126	(35)
	3127	(223)

41	->
	323	(18)

42	->
	852	(27)
	854	(63)

43	->
	3514	(21)

44	->
	1561	(66)
	1562	(46)

45	->
	3651	(43)
	3654	(41)

46	->
	1587	(38)

47	->
	2292	(31)
	2293	(20)
	2294	(35)

48	->
	3592	(64)

49	->
	3266	(26)

50	->
	3491	(244)

51	->
	59	(154)

52	->
	2553	(20)

53	->
	489	(16)

54	->
	3605	(15)

55	->
	3189	(17)
	3191	(25)

56	->
	960	(68)
	963	(85)

57	->
	949	(56)
	951	(45)
	952	(46)

58	->
	2354	(21)
	2528	(20)
	2529	(45)

59	->
	3531	(69)
	3535	(46)
	3536	(124)

60	->
	3130	(21)

61	->
	1740	(87)
	1743	(39)
	1739	(207)

62	->
	3523	(29)

63	->
	1606	(25)
	1610	(18)

64	->
	1904	(41)
	1899	(68)

65	->
	2730	(41)
	2731	(97)
	2732	(92)

66	->
	2715	(144)

67	->
	1515	(43)

68	->
	983	(21)
	984	(76)

69	->
	3286	(22)
	3288	(40)

70	->
	1272	(60)
	1276	(15)
	1279	(21)

71	->
	126	(26)
	130	(41)

72	->
	2242	(22)

73	->
	3481	(19)
	3483	(43)

74	->
	3452	(25)

75	->
	2636	(327)

76	->
	2602	(287)

77	->
	2612	(82)

78	->
	851	(19)

79	->
	3280	(23)
	3282	(23)

80	->
	2042	(40)

81	->
	1251	(11)
	1249	(26)

82	->
	931	(18)

83	->
	3709	(17)

84	->
	1140	(21)

85	->
	3231	(27)
	3234	(38)
	3230	(19)

86	->
	1846	(80)

87	->
	1621	(16)

88	->
	648	(16)
	649	(26)
	650	(18)

89	->
	2761	(50)
	2763	(49)

90	->
	565	(592)
	552	(674)
	555	(94)

91	->
	1806	(223)

92	->
	3223	(29)

93	->
	1126	(18)

94	->
	2949	(19)

95	->
	3472	(85)

96	->
	3682	(47)
	3683	(28)
	3685	(19)

97	->
	2261	(20)
	2262	(21)
	2263	(16)

98	->
	3564	(22)

99	->
	2467	(21)
	2469	(26)

100	->
	2123	(34)

101	->
	1969	(64)

102	->
	3461	(23)

103	->
	3795	(72)

104	->
	1064	(82)

105	->
	738	(11)
	740	(84)

106	->
	522	(22)

107	->
	257	(85)
	250	(48)

108	->
	1459	(23)

109	->
	20	(182)
	22	(26)
	19	(18)

110	->
	2496	(20)

111	->
	1237	(25)
	1233	(15)

112	->
	2704	(134)

113	->
	151	(61)
	160	(68)

114	->
	2233	(24)

115	->
	2191	(17)

116	->
	3256	(18)
	3261	(26)

117	->
	707	(16)

118	->
	1879	(47)

119	->
	107	(66)

120	->
	133	(18)
	134	(21)

121	->
	1863	(17)

122	->
	1825	(345)
	1818	(188)
	1819	(112)

123	->
	2365	(25)

124	->
	2236	(17)
	2238	(16)

125	->
	1061	(49)

126	->
	3029	(27)

127	->
	698	(23)

128	->
	1892	(196)

129	->
	1857	(160)

130	->
	1706	(41)

131	->
	1070	(34)

132	->
	2051	(58)

133	->
	3374	(33)

134	->
	1330	(41)

135	->
	1313	(26)

136	->
	1329	(16)
	1318	(21)

137	->
	562	(25)
	559	(47)

138	->
	2116	(86)

139	->
	1285	(22)

140	->
	1061	(24)

141	->
	1888	(69)

142	->
	3605	(25)

143	->
	3191	(25)

144	->
	364	(135)
	361	(75)
	362	(240)

145	->
	1326	(27)
	1327	(62)
	1328	(92)

146	->
	2021	(226)

147	->
	3658	(88)
	3657	(144)

148	->
	3010	(38)

149	->
	59	(85)

150	->
	3737	(17)
	3739	(18)
	3740	(37)

151	->
	745	(37)
	749	(44)
	752	(24)

152	->
	2658	(60)

153	->
	3210	(22)

154	->
	329	(282)

155	->
	1062	(112)

156	->
	3365	(43)

157	->
	190	(19)
	191	(49)

158	->
	3418	(41)

159	->
	2388	(17)

160	->
	1473	(68)

161	->
	886	(43)

162	->
	3592	(17)

163	->
	758	(55)
	759	(138)

164	->
	1107	(91)

165	->
	1929	(144)
	1930	(46)
	1932	(256)

166	->
	319	(19)
	320	(18)

167	->
	1731	(72)

168	->
	2460	(18)
	2463	(16)

169	->
	2931	(193)

170	->
	1630	(23)

171	->
	1650	(39)

172	->
	2257	(97)
	2258	(23)
	2259	(24)

173	->
	3401	(41)
	3403	(17)

174	->
	1749	(50)

175	->
	3088	(24)

176	->
	2061	(64)

177	->
	418	(29)

178	->
	1548	(68)
	1549	(82)

179	->
	961	(108)

180	->
	3169	(42)

181	->
	2252	(54)

182	->
	2305	(20)

183	->
	2523	(34)
	2526	(24)
	2518	(17)

184	->
	797	(226)
	801	(159)
	802	(132)

185	->
	678	(21)
	683	(21)

186	->
	1876	(19)
	1877	(28)
	1878	(68)

187	->
	3638	(20)
	3646	(18)

188	->
	342	(16)
	344	(65)

189	->
	2821	(135)
	2822	(43)
	2865	(101)

190	->
	3066	(19)

191	->
	3038	(49)

192	->
	3050	(91)
	3052	(19)
	3065	(52)

193	->
	1864	(15)
	1861	(43)

194	->
	3047	(62)

195	->
	2549	(23)

196	->
	2697	(23)

197	->
	237	(25)
	238	(16)

198	->
	3611	(39)

199	->
	554	(21)

200	->
	1871	(176)

201	->
	1687	(28)
	1693	(41)

202	->
	1052	(20)
	1035	(27)
	1046	(22)

203	->
	2026	(47)

204	->
	3609	(244)

205	->
	1284	(19)

206	->
	2896	(50)
	2899	(23)

207	->
	2312	(22)

208	->
	184	(164)

209	->
	3244	(251)
	3248	(192)

210	->
	1203	(16)
	1204	(22)
	1206	(64)

211	->
	363	(43)
	366	(17)
	367	(17)

212	->
	2975	(61)

213	->
	2349	(29)

214	->
	224	(105)

215	->
	1698	(20)
	1700	(25)

216	->
	2	(59)

217	->
	3813	(26)

218	->
	214	(42)

219	->
	3170	(20)

220	->
	3455	(20)

221	->
	2484	(44)

222	->
	1600	(39)

223	->
	2047	(18)
	2048	(18)

224	->
	2012	(62)
	2015	(79)
	2017	(16)

225	->
	2764	(38)

226	->
	3229	(23)

227	->
	2837	(16)

228	->
	2907	(18)

229	->
	3482	(23)
	3490	(44)

230	->
	1593	(40)

231	->
	157	(25)

232	->
	2165	(21)
	2180	(65)

233	->
	3476	(17)

234	->
	1261	(24)

235	->
	1530	(16)

236	->
	837	(33)

237	->
	1105	(25)

238	->
	2752	(16)

239	->
	3539	(18)
	3541	(16)
	3528	(95)

240	->
	45	(62)

241	->
	3222	(65)
	3224	(19)
	3226	(15)

242	->
	3533	(24)

243	->
	2605	(21)

244	->
	2930	(17)

245	->
	3207	(34)

246	->
	1599	(29)

247	->
	635	(21)
	637	(46)

248	->
	1992	(39)
	1994	(31)
	1995	(19)

249	->
	1811	(175)
	1804	(71)
	1805	(283)

250	->
	668	(67)
	672	(36)

251	->
	92	(12)

252	->
	723	(23)

253	->
	2913	(17)

254	->
	206	(25)

255	->
	2607	(24)

256	->
	287	(26)
	289	(21)

257	->
	2173	(174)

258	->
	3582	(68)

259	->
	529	(47)

260	->
	1891	(36)
	1893	(24)
	1901	(43)

261	->
	3210	(41)

262	->
	2918	(29)

263	->
	2933	(131)

264	->
	2892	(220)

265	->
	2942	(21)
	2944	(59)
	2950	(64)

266	->
	2120	(63)
	2121	(45)
	2124	(96)

267	->
	1096	(19)

268	->
	3038	(81)

269	->
	2063	(278)
	2074	(114)
	2075	(18)

270	->
	829	(25)

271	->
	2183	(40)

272	->
	2127	(27)
	2128	(20)
	2129	(18)

273	->
	1086	(29)

274	->
	3270	(41)
	3271	(45)

275	->
	1707	(27)
	1708	(23)
	1694	(40)

276	->
	1130	(16)

277	->
	309	(21)

278	->
	1288	(21)

279	->
	575	(40)

280	->
	652	(30)

281	->
	3530	(19)
	3532	(23)
	3534	(34)
	3529	(16)

282	->
	2505	(17)

283	->
	1288	(20)

284	->
	2193	(39)

285	->
	943	(61)
	944	(47)

286	->
	3092	(101)

287	->
	2058	(26)

288	->
	1866	(17)

289	->
	1865	(21)

290	->
	3111	(26)
	3108	(20)

291	->
	1783	(21)

292	->
	3559	(38)

293	->
	684	(20)
	685	(43)
	693	(48)

294	->
	3525	(108)

295	->
	2789	(15)

296	->
	2822	(16)
	2865	(45)

297	->
	3169	(39)

298	->
	2955	(55)
	2968	(15)
	2969	(83)

299	->
	3810	(42)

300	->
	2955	(337)
	2968	(44)
	2969	(133)

301	->
	2823	(61)

302	->
	440	(71)
	443	(43)
	444	(127)

303	->
	3655	(30)

304	->
	1011	(25)
	1013	(22)

305	->
	3464	(52)
	3468	(25)

306	->
	2254	(46)
	2255	(42)

307	->
	324	(38)
	325	(84)

308	->
	3034	(41)
	3035	(39)
	3036	(103)

309	->
	766	(17)
	763	(21)
	765	(14)

310	->
	608	(44)

311	->
	2103	(25)

312	->
	1527	(27)
	1528	(25)
	1529	(20)

313	->
	3312	(22)
	3330	(77)

314	->
	3687	(16)
	3688	(19)
	3689	(23)

315	->
	3707	(92)

316	->
	2645	(217)

317	->
	2820	(25)

318	->
	688	(141)

319	->
	3055	(42)

320	->
	1348	(18)

321	->
	964	(49)

322	->
	529	(48)

323	->
	935	(23)
	953	(18)

324	->
	2828	(14)
	2832	(24)

325	->
	2150	(84)

326	->
	187	(20)

327	->
	3664	(28)

328	->
	947	(18)
	948	(21)
	954	(20)

329	->
	930	(185)
	932	(85)
	933	(150)

330	->
	3001	(20)

331	->
	274	(21)

332	->
	1443	(65)

333	->
	2431	(19)

334	->
	232	(47)

335	->
	2973	(120)

336	->
	1778	(15)
	1780	(107)
	1788	(94)

337	->
	1460	(23)

338	->
	2690	(18)

339	->
	3441	(117)
	3443	(209)

340	->
	3285	(43)
	3289	(53)

341	->
	3027	(20)
	3032	(23)

342	->
	1231	(16)

343	->
	421	(25)
	424	(59)

344	->
	1175	(65)

345	->
	262	(29)
	263	(131)
	264	(220)

346	->
	2396	(25)

347	->
	1621	(23)

348	->
	1468	(13)

349	->
	2636	(146)

350	->
	1898	(21)

351	->
	2612	(18)

352	->
	2602	(82)

353	->
	3061	(186)
	3062	(196)

354	->
	3609	(41)

355	->
	2839	(50)
	2840	(16)

356	->
	1372	(23)

357	->
	2739	(40)
	2721	(22)

358	->
	3214	(22)
	3225	(25)

359	->
	2553	(24)

360	->
	401	(18)

361	->
	2673	(163)
	2674	(21)

362	->
	1367	(567)

363	->
	1374	(23)
	1379	(20)

364	->
	3250	(238)
	3254	(46)
	3255	(126)

365	->
	2978	(70)

366	->
	1644	(17)

367	->
	2308	(17)
	2306	(25)

368	->
	3733	(22)

369	->
	1129	(18)

370	->
	1629	(36)
	1631	(26)

371	->
	2007	(19)
	2010	(20)

372	->
	2797	(21)
	2800	(87)

373	->
	2666	(39)

374	->
	3428	(45)

375	->
	210	(80)

376	->
	3618	(14)
	3623	(17)
	3624	(21)

377	->
	1129	(26)

378	->
	241	(35)

379	->
	3700	(28)
	3703	(27)

380	->
	3679	(27)
	3681	(16)

381	->
	2773	(25)

382	->
	313	(99)
	315	(92)
	316	(217)

383	->
	2791	(25)

384	->
	2268	(21)

385	->
	3390	(85)

386	->
	2748	(64)

387	->
	2789	(39)

388	->
	1461	(85)

389	->
	3557	(48)
	3560	(48)

390	->
	3710	(27)
	3711	(23)

391	->
	3690	(54)

392	->
	3755	(13)
	3761	(15)

393	->
	2701	(20)
	2703	(28)

394	->
	946	(16)
	950	(52)
	955	(19)

395	->
	2103	(15)

396	->
	521	(15)

397	->
	1463	(17)

398	->
	3388	(21)

399	->
	1277	(21)

400	->
	2364	(27)

401	->
	1236	(224)

402	->
	3708	(40)

403	->
	917	(25)

404	->
	1527	(109)
	1529	(53)

405	->
	2908	(24)
	2909	(25)
	2911	(21)

406	->
	3440	(18)

407	->
	3356	(22)

408	->
	1484	(19)

409	->
	1590	(23)

410	->
	3393	(22)

411	->
	3820	(43)

412	->
	1873	(16)

413	->
	2991	(21)

414	->
	790	(21)

415	->
	2960	(17)

416	->
	1686	(113)

417	->
	234	(23)
	240	(62)

418	->
	2617	(55)
	2618	(206)
	2615	(118)

419	->
	1540	(207)

420	->
	2078	(18)
	2083	(43)
	2085	(52)

421	->
	2836	(25)

422	->
	3516	(28)

423	->
	1855	(96)

424	->
	3053	(59)

425	->
	1721	(16)

426	->
	1067	(49)

427	->
	2265	(22)
	2266	(58)

428	->
	1410	(16)
	1416	(28)

429	->
	1697	(135)

430	->
	2858	(148)

431	->
	2009	(12)
	2011	(18)

432	->
	2894	(20)

433	->
	2937	(125)

434	->
	2253	(39)

435	->
	814	(109)

436	->
	2242	(54)

437	->
	2966	(94)
	2967	(19)

438	->
	516	(22)

439	->
	215	(20)

440	->
	1612	(71)

441	->
	485	(47)

442	->
	743	(41)

443	->
	1696	(43)

444	->
	1711	(127)

445	->
	2141	(15)
	2142	(28)

446	->
	71	(44)

447	->
	3021	(15)

448	->
	991	(116)

449	->
	972	(22)

450	->
	2162	(41)

451	->
	2184	(167)

452	->
	2076	(16)
	2079	(46)

453	->
	2488	(105)

454	->
	3177	(76)

455	->
	2196	(77)

456	->
	2034	(26)
	2035	(19)

457	->
	997	(189)

458	->
	3199	(13)

459	->
	3276	(18)

460	->
	2970	(24)
	2971	(19)

461	->
	2260	(25)
	2267	(21)

462	->
	2731	(23)
	2732	(21)

463	->
	897	(17)

464	->
	771	(47)

465	->
	1806	(33)

466	->
	379	(28)

467	->
	688	(60)

468	->
	2386	(56)

469	->
	3064	(45)

470	->
	2679	(15)

471	->
	3444	(18)

472	->
	2641	(17)
	2646	(23)

473	->
	1807	(16)
	1808	(13)
	1809	(17)

474	->
	2555	(13)
	2557	(25)

475	->
	1134	(19)

476	->
	358	(22)

477	->
	2071	(122)
	2108	(37)

478	->
	109	(114)
	110	(20)
	112	(41)

479	->
	1769	(19)

480	->
	2103	(25)
	2106	(19)

481	->
	95	(60)
	98	(22)

482	->
	3236	(44)

483	->
	3361	(25)
	3363	(21)
	3395	(21)

484	->
	674	(92)

485	->
	2525	(47)
	2527	(17)

486	->
	3229	(19)

487	->
	698	(18)

488	->
	2454	(21)

489	->
	1449	(59)

490	->
	3487	(25)
	3489	(15)

491	->
	3659	(28)
	3660	(43)

492	->
	3219	(84)

493	->
	3385	(25)

494	->
	634	(46)
	636	(46)

495	->
	3114	(24)

496	->
	473	(16)

497	->
	3123	(19)
	3120	(24)

498	->
	2412	(13)
	2414	(43)

499	->
	1563	(48)

500	->
	3198	(16)
	3201	(20)

501	->
	3092	(73)

502	->
	3559	(19)

503	->
	3525	(15)

504	->
	1469	(19)
	1471	(25)

505	->
	3399	(19)

506	->
	2193	(18)

507	->
	1550	(22)

508	->
	3023	(25)

509	->
	1060	(58)

510	->
	1188	(30)

511	->
	1017	(40)
	1016	(79)

512	->
	1397	(52)

513	->
	2550	(27)

514	->
	3055	(48)

515	->
	3818	(27)
	3825	(25)

516	->
	634	(141)
	636	(17)

517	->
	3364	(45)
	3284	(57)

518	->
	107	(67)

519	->
	2195	(22)

520	->
	732	(17)

521	->
	1997	(15)
	2002	(17)

522	->
	3094	(52)
	3144	(45)

523	->
	2395	(29)

524	->
	441	(20)

525	->
	83	(18)
	84	(21)

526	->
	3193	(22)

527	->
	2796	(40)
	2797	(53)

528	->
	1357	(15)
	1358	(25)
	1338	(40)

529	->
	1243	(67)
	1246	(28)

530	->
	980	(64)

531	->
	1026	(73)
	1028	(92)
	1023	(130)

532	->
	461	(46)
	476	(22)

533	->
	2487	(15)

534	->
	2490	(59)

535	->
	2398	(170)

536	->
	804	(41)

537	->
	1164	(25)

538	->
	966	(42)

539	->
	481	(20)

540	->
	2998	(42)
	3000	(21)

541	->
	1431	(17)
	1432	(43)

542	->
	1570	(73)

543	->
	3360	(53)

544	->
	1555	(67)

545	->
	530	(19)

546	->
	1588	(93)

547	->
	1794	(65)
	1795	(26)
	1796	(55)

548	->
	1099	(65)

549	->
	2516	(12)
	2517	(25)

550	->
	1868	(17)

551	->
	1685	(25)
	1691	(42)

552	->
	2917	(674)

553	->
	2958	(36)

554	->
	2384	(48)

555	->
	1001	(94)

556	->
	2926	(21)

557	->
	69	(20)

558	->
	386	(26)

559	->
	3396	(64)
	3398	(22)

560	->
	365	(49)

561	->
	1112	(40)
	1114	(24)

562	->
	1135	(25)

563	->
	547	(65)

564	->
	1944	(23)
	1948	(18)

565	->
	2879	(593)

566	->
	3470	(16)

567	->
	65	(165)

568	->
	771	(68)

569	->
	1331	(179)
	1316	(65)
	1317	(23)

570	->
	3448	(27)

571	->
	91	(182)

572	->
	517	(65)

573	->
	2028	(21)
	2029	(45)

574	->
	757	(32)

575	->
	1132	(40)
	1133	(25)

576	->
	3456	(42)
	3453	(28)

577	->
	551	(14)

578	->
	527	(21)

579	->
	2174	(61)
	2176	(15)
	2177	(79)

580	->
	1569	(85)

581	->
	1573	(23)

582	->
	3102	(28)
	3107	(22)
	3109	(16)

583	->
	1553	(225)

584	->
	2044	(52)
	2049	(18)

585	->
	2934	(142)
	2940	(77)
	2941	(35)

586	->
	3782	(72)

587	->
	427	(37)

588	->
	663	(106)
	667	(36)

589	->
	785	(43)

590	->
	1645	(88)

591	->
	3370	(74)

592	->
	2512	(17)

593	->
	1336	(131)

594	->
	2251	(23)

595	->
	2025	(18)

596	->
	2806	(18)
	2807	(40)

597	->
	2131	(22)

598	->
	2936	(35)

599	->
	871	(119)

600	->
	1996	(15)
	1988	(22)

601	->
	3659	(20)

602	->
	3526	(66)
	3527	(15)

603	->
	2319	(15)

604	->
	3078	(21)

605	->
	2387	(24)

606	->
	2983	(51)

607	->
	2834	(21)

608	->
	1398	(68)

609	->
	1594	(28)

610	->
	1222	(28)

611	->
	232	(39)

612	->
	1485	(218)
	1487	(35)
	1489	(205)

613	->
	2869	(39)

614	->
	3823	(17)

615	->
	579	(21)

616	->
	1341	(38)

617	->
	3758	(27)

618	->
	610	(28)
	611	(39)

619	->
	1463	(40)
	1464	(22)
	1466	(62)

620	->
	3023	(17)

621	->
	1921	(21)

622	->
	3544	(18)

623	->
	590	(42)
	591	(16)

624	->
	3675	(13)

625	->
	3252	(37)

626	->
	3233	(74)

627	->
	2710	(25)

628	->
	1044	(21)

629	->
	2744	(18)

630	->
	1475	(38)

631	->
	2097	(40)
	2099	(21)
	2096	(52)

632	->
	2651	(104)

633	->
	2622	(25)

634	->
	2395	(187)

635	->
	2019	(21)

636	->
	3113	(26)
	3114	(20)
	3115	(17)

637	->
	2046	(46)

638	->
	163	(68)

639	->
	3696	(67)

640	->
	2588	(19)

641	->
	1331	(61)
	1316	(27)
	1317	(37)

642	->
	2100	(313)

643	->
	769	(25)

644	->
	1476	(54)

645	->
	1698	(25)
	1700	(92)

646	->
	1048	(88)

647	->
	445	(28)

648	->
	1368	(59)

649	->
	3661	(25)
	3662	(26)

650	->
	1205	(19)
	1208	(73)

651	->
	890	(21)
	892	(19)
	893	(54)

652	->
	182	(20)
	181	(54)

653	->
	1103	(15)
	1108	(57)

654	->
	2783	(159)

655	->
	2019	(48)

656	->
	1990	(89)

657	->
	3305	(24)
	3309	(46)

658	->
	2046	(15)

659	->
	3796	(24)
	3798	(21)
	3800	(43)

660	->
	3586	(27)
	3588	(22)

661	->
	1334	(21)

662	->
	462	(21)
	464	(29)
	465	(33)

663	->
	1380	(38)
	1382	(48)
	1383	(48)

664	->
	1638	(101)
	1641	(39)
	1642	(38)

665	->
	3780	(20)
	3783	(20)

666	->
	2166	(24)
	2178	(17)

667	->
	97	(36)

668	->
	2599	(117)

669	->
	1169	(26)

670	->
	2018	(18)

671	->
	1195	(17)
	1197	(121)

672	->
	3334	(43)
	3336	(47)

673	->
	641	(44)
	638	(21)

674	->
	2642	(26)
	2643	(39)
	2644	(90)

675	->
	1925	(24)
	1928	(46)

676	->
	993	(27)

677	->
	1695	(164)

678	->
	1364	(21)

679	->
	1748	(114)

680	->
	3422	(26)
	3423	(19)
	3425	(106)

681	->
	1644	(63)

682	->
	1754	(44)

683	->
	2792	(21)

684	->
	744	(20)

685	->
	1069	(43)

686	->
	166	(18)

687	->
	1955	(20)

688	->
	2199	(201)

689	->
	124	(17)

690	->
	2986	(19)

691	->
	3634	(169)

692	->
	3133	(34)

693	->
	1059	(48)

694	->
	1025	(212)

695	->
	1571	(21)
	1572	(44)

696	->
	3698	(39)

697	->
	3767	(108)
	3770	(80)

698	->
	183	(41)

699	->
	1236	(16)

700	->
	642	(128)
	616	(38)

701	->
	3049	(43)
	3051	(181)
	3056	(145)

702	->
	1217	(134)

703	->
	2743	(39)
	2759	(40)

704	->
	1583	(22)
	1585	(30)

705	->
	271	(22)

706	->
	836	(56)
	833	(52)
	834	(15)

707	->
	1566	(29)

708	->
	2209	(17)

709	->
	2342	(41)

710	->
	1701	(42)
	1702	(18)

711	->
	483	(21)

712	->
	69	(42)

713	->
	1329	(26)

714	->
	870	(21)
	872	(42)
	884	(45)

715	->
	1888	(12)

716	->
	2045	(59)
	2053	(60)
	2056	(19)

717	->
	3436	(56)

718	->
	991	(111)

719	->
	1257	(27)

720	->
	972	(39)

721	->
	3217	(44)

722	->
	1178	(61)

723	->
	1402	(51)

724	->
	1866	(70)

725	->
	306	(63)

726	->
	1898	(123)

727	->
	2363	(95)

728	->
	3131	(86)

729	->
	2683	(26)
	2684	(23)
	2688	(21)

730	->
	302	(107)

731	->
	1657	(112)
	1662	(25)
	1663	(92)

732	->
	243	(21)
	244	(17)

733	->
	3340	(24)

734	->
	3082	(180)
	3080	(192)
	3081	(47)

735	->
	1160	(116)
	1166	(129)
	1167	(39)

736	->
	1638	(63)
	1642	(40)

737	->
	2416	(36)

738	->
	1521	(11)

739	->
	2208	(62)

740	->
	1513	(23)
	1510	(61)

741	->
	3383	(87)
	3384	(18)

742	->
	2809	(20)
	2826	(30)

743	->
	3348	(75)
	3352	(41)

744	->
	1815	(138)

745	->
	2943	(37)

746	->
	1116	(52)
	1113	(28)

747	->
	2355	(50)

748	->
	25	(26)
	26	(44)

749	->
	260	(60)

750	->
	478	(139)

751	->
	1959	(54)
	1960	(13)

752	->
	1813	(24)

753	->
	3066	(16)

754	->
	3550	(19)

755	->
	3579	(23)
	3580	(19)

756	->
	1647	(11)

757	->
	1852	(41)
	1853	(16)

758	->
	3758	(55)

759	->
	3823	(138)

760	->
	3448	(18)

761	->
	3470	(20)

762	->
	1390	(24)
	1386	(15)

763	->
	2241	(111)

764	->
	1071	(18)
	1075	(16)

765	->
	3027	(14)
	3032	(13)

766	->
	2161	(35)

767	->
	2165	(125)
	2180	(75)

768	->
	967	(17)
	974	(39)
	971	(21)

769	->
	898	(47)

770	->
	2957	(215)

771	->
	1730	(42)
	1734	(72)

772	->
	3050	(16)
	3065	(41)

773	->
	1187	(41)

774	->
	1954	(27)

775	->
	582	(43)

776	->
	2683	(110)
	2684	(18)
	2688	(49)

777	->
	299	(24)

778	->
	2391	(270)

779	->
	93	(18)
	94	(19)

780	->
	2727	(19)

781	->
	2102	(25)
	2104	(16)

782	->
	1250	(61)
	1253	(22)

783	->
	1395	(163)

784	->
	301	(18)

785	->
	848	(21)
	850	(45)

786	->
	1361	(262)

787	->
	3227	(21)

788	->
	1391	(19)

789	->
	531	(60)

790	->
	1384	(42)

791	->
	2470	(15)
	2472	(19)

792	->
	1817	(25)

793	->
	980	(71)

794	->
	3810	(23)
	3812	(16)

795	->
	2095	(33)

796	->
	2820	(54)

797	->
	911	(275)

798	->
	1385	(24)

799	->
	703	(60)

800	->
	3610	(73)
	3613	(13)

801	->
	958	(182)

802	->
	942	(132)

803	->
	2687	(28)
	2691	(63)

804	->
	2381	(19)
	2366	(37)

805	->
	3602	(41)

806	->
	469	(24)

807	->
	2373	(19)

808	->
	3077	(40)

809	->
	3494	(41)
	3503	(18)
	3510	(16)

810	->
	3608	(113)
	3587	(21)
	3589	(124)

811	->
	3719	(46)
	3720	(15)
	3725	(18)

812	->
	2534	(20)

813	->
	477	(54)
	479	(19)

814	->
	1716	(174)
	1718	(50)
	1719	(24)

815	->
	96	(47)

816	->
	3069	(37)
	3070	(43)
	3071	(18)

817	->
	536	(19)

818	->
	959	(39)

819	->
	2585	(18)
	2589	(20)
	2593	(22)

820	->
	3596	(20)
	3599	(19)

821	->
	3515	(23)

822	->
	1556	(22)

823	->
	1254	(19)

824	->
	2507	(16)

825	->
	3643	(32)
	3656	(46)

826	->
	49	(26)
	53	(16)

827	->
	3550	(42)

828	->
	500	(20)

829	->
	1162	(22)
	1164	(25)

830	->
	2457	(36)

831	->
	442	(18)

832	->
	939	(23)
	940	(43)
	941	(20)

833	->
	1062	(70)
	1066	(46)
	1068	(50)

834	->
	1970	(15)

835	->
	2039	(51)

836	->
	2957	(93)

837	->
	1160	(37)
	1166	(42)
	1167	(17)

838	->
	58	(20)

839	->
	490	(25)

840	->
	3497	(18)
	3513	(17)

841	->
	1051	(101)

842	->
	2363	(24)

843	->
	776	(27)

844	->
	2448	(24)
	2452	(25)

845	->
	2564	(45)

846	->
	1325	(16)
	1322	(27)

847	->
	2125	(95)

848	->
	3580	(20)

849	->
	317	(24)
	319	(24)

850	->
	695	(44)

851	->
	3067	(36)

852	->
	1118	(27)

853	->
	3514	(18)

854	->
	1213	(63)

855	->
	3389	(25)

856	->
	3279	(20)
	3281	(33)

857	->
	3652	(40)

858	->
	1051	(219)

859	->
	200	(50)

860	->
	818	(21)

861	->
	778	(97)

862	->
	615	(21)
	622	(18)

863	->
	155	(91)

864	->
	167	(24)

865	->
	178	(21)

866	->
	770	(136)

867	->
	1426	(67)

868	->
	3404	(79)
	3407	(18)

869	->
	810	(34)

870	->
	3457	(21)

871	->
	2311	(116)
	2317	(23)

872	->
	1770	(22)
	1771	(20)

873	->
	497	(19)

874	->
	612	(328)

875	->
	2776	(18)
	2777	(27)

876	->
	1832	(18)

877	->
	997	(154)

878	->
	2677	(49)
	2678	(95)

879	->
	85	(71)

880	->
	477	(105)
	435	(109)

881	->
	1843	(44)
	1841	(25)

882	->
	3706	(21)

883	->
	3200	(19)

884	->
	106	(22)
	102	(23)

885	->
	2473	(72)

886	->
	332	(16)
	335	(96)

887	->
	1784	(19)

888	->
	3513	(15)

889	->
	746	(28)

890	->
	2041	(21)

891	->
	716	(84)
	721	(20)

892	->
	2339	(19)

893	->
	588	(16)
	592	(17)
	593	(87)

894	->
	17	(18)
	18	(39)

895	->
	63	(18)

896	->
	2578	(20)
	2580	(26)
	2597	(43)

897	->
	293	(70)
	298	(39)

898	->
	3442	(18)
	3438	(47)

899	->
	2290	(20)
	2288	(28)

900	->
	1999	(18)

901	->
	2039	(38)

902	->
	2341	(18)

903	->
	494	(72)

904	->
	1813	(68)

905	->
	945	(44)

906	->
	2997	(16)
	2999	(41)

907	->
	1584	(23)

908	->
	1037	(17)
	1039	(18)

909	->
	1302	(75)
	1298	(38)

910	->
	1781	(50)

911	->
	0	(138)
	3	(323)

912	->
	3650	(18)

913	->
	3677	(84)

914	->
	2631	(21)

915	->
	3235	(23)

916	->
	2291	(49)
	2298	(36)

917	->
	2203	(25)
	2204	(21)

918	->
	3237	(25)

919	->
	3591	(44)

920	->
	166	(19)

921	->
	452	(20)

922	->
	2652	(18)

923	->
	2227	(28)
	2231	(26)
	2223	(15)

924	->
	1145	(23)

925	->
	478	(36)

926	->
	727	(21)
	729	(23)
	730	(46)

927	->
	695	(21)

928	->
	2912	(15)

929	->
	2514	(20)
	2515	(15)

930	->
	911	(185)

931	->
	1353	(19)
	1355	(18)

932	->
	942	(85)

933	->
	958	(150)

934	->
	901	(38)
	900	(18)

935	->
	2243	(23)

936	->
	1492	(25)
	1495	(63)

937	->
	306	(25)

938	->
	266	(59)

939	->
	2541	(23)

940	->
	3204	(65)

941	->
	3247	(46)

942	->
	3462	(39)
	3463	(46)
	3475	(132)

943	->
	874	(61)

944	->
	2320	(22)
	2088	(43)

945	->
	1598	(44)
	1605	(38)

946	->
	826	(16)

947	->
	2824	(18)

948	->
	3427	(21)

949	->
	3154	(89)

950	->
	3612	(24)
	3585	(121)

951	->
	1543	(29)
	1544	(16)

952	->
	483	(46)

953	->
	3091	(19)

954	->
	3264	(20)

955	->
	3026	(19)
	3022	(14)

956	->
	1217	(206)

957	->
	1225	(18)
	1230	(38)

958	->
	2729	(111)
	2733	(204)
	2735	(17)

959	->
	1599	(78)

960	->
	1828	(82)

961	->
	282	(17)
	283	(20)
	285	(91)

962	->
	3047	(15)

963	->
	2543	(53)
	2544	(13)
	2545	(57)

964	->
	2144	(82)
	2152	(23)

965	->
	1006	(20)

966	->
	586	(36)
	589	(22)
	599	(72)

967	->
	2652	(17)

968	->
	271	(18)

969	->
	836	(36)
	833	(114)

970	->
	2077	(21)

971	->
	1862	(21)

972	->
	3263	(61)

973	->
	1725	(48)
	1726	(123)
	1717	(142)

974	->
	1500	(23)
	1501	(16)

975	->
	3202	(22)

976	->
	1731	(22)

977	->
	1548	(19)
	1549	(30)

978	->
	1871	(103)

979	->
	2681	(44)
	2686	(18)

980	->
	149	(85)
	142	(25)
	143	(25)

981	->
	1029	(46)
	1031	(47)

982	->
	3437	(44)

983	->
	3597	(21)
	3600	(54)

984	->
	404	(115)

985	->
	1753	(42)
	1755	(23)

986	->
	1363	(28)

987	->
	697	(129)

988	->
	2549	(16)

989	->
	747	(26)

990	->
	3791	(15)

991	->
	866	(136)
	863	(91)

992	->
	2532	(24)

993	->
	2271	(47)
	2269	(17)

994	->
	3074	(65)

995	->
	3172	(36)

996	->
	288	(17)
	350	(21)

997	->
	1688	(156)
	1639	(20)
	1640	(166)

998	->
	275	(44)

999	->
	1141	(48)

1000	->
	3794	(229)

1001	->
	2864	(73)
	3003	(83)

1002	->
	1115	(17)

1003	->
	2510	(39)

1004	->
	85	(14)

1005	->
	341	(20)

1006	->
	2889	(49)
	2884	(44)

1007	->
	1550	(16)

1008	->
	2854	(48)

1009	->
	302	(134)

1010	->
	1779	(42)
	1782	(19)
	1786	(27)

1011	->
	560	(25)

1012	->
	3570	(22)

1013	->
	207	(22)
	198	(39)

1014	->
	776	(150)

1015	->
	600	(15)

1016	->
	2396	(121)

1017	->
	2690	(40)

1018	->
	511	(79)

1019	->
	596	(40)

1020	->
	1986	(81)
	1984	(53)

1021	->
	1482	(21)

1022	->
	3190	(14)
	3192	(24)

1023	->
	3164	(130)

1024	->
	1482	(59)

1025	->
	1346	(104)
	1376	(22)
	1377	(108)

1026	->
	3135	(73)

1027	->
	1686	(300)

1028	->
	3128	(92)

1029	->
	1688	(91)
	1640	(43)

1030	->
	3263	(43)

1031	->
	12	(78)
	13	(26)
	16	(21)

1032	->
	3733	(65)

1033	->
	1540	(283)

1034	->
	121	(17)
	118	(47)

1035	->
	851	(17)

1036	->
	3481	(37)
	3483	(26)
	3484	(17)

1037	->
	3816	(17)

1038	->
	1125	(176)
	1120	(173)
	1123	(38)

1039	->
	1444	(18)

1040	->
	1905	(40)
	1907	(19)

1041	->
	164	(69)

1042	->
	145	(155)

1043	->
	128	(162)

1044	->
	2502	(42)
	2499	(15)

1045	->
	1226	(166)
	1223	(87)

1046	->
	1330	(26)

1047	->
	66	(38)
	67	(21)
	68	(25)

1048	->
	3726	(97)
	3732	(63)

1049	->
	2550	(19)

1050	->
	3355	(21)

1051	->
	419	(207)
	416	(113)

1052	->
	1862	(20)

1053	->
	2808	(182)

1054	->
	2853	(43)

1055	->
	127	(23)
	131	(34)

1056	->
	3747	(20)
	3751	(21)

1057	->
	1419	(25)

1058	->
	2438	(79)
	2451	(43)

1059	->
	642	(186)
	618	(67)

1060	->
	859	(50)
	864	(24)
	865	(21)

1061	->
	1663	(73)

1062	->
	109	(112)
	112	(70)

1063	->
	837	(63)

1064	->
	2302	(16)
	2303	(17)
	2323	(69)

1065	->
	3741	(18)

1066	->
	1457	(46)

1067	->
	2755	(49)
	2756	(17)

1068	->
	389	(50)

1069	->
	878	(98)

1070	->
	1440	(93)

1071	->
	3384	(38)

1072	->
	2979	(22)

1073	->
	707	(13)

1074	->

1075	->
	3457	(16)

1076	->
	1833	(32)

1077	->
	42	(17)
	41	(18)

1078	->
	1814	(62)

1079	->
	2978	(41)

1080	->
	3776	(21)
	3768	(16)
	3771	(24)

1081	->
	2403	(20)

1082	->
	1180	(37)

1083	->
	1119	(59)

1084	->
	2848	(39)

1085	->
	3622	(48)

1086	->
	466	(29)
	470	(15)

1087	->
	3649	(229)

1088	->
	194	(39)

1089	->
	2692	(23)

1090	->
	1191	(43)

1091	->
	3548	(81)

1092	->
	3402	(22)

1093	->
	3554	(141)

1094	->
	3676	(17)

1095	->
	762	(15)

1096	->
	2977	(37)

1097	->
	2065	(71)
	2072	(21)
	2073	(206)

1098	->
	1238	(20)

1099	->
	1656	(123)

1100	->
	1227	(44)

1101	->
	768	(54)

1102	->
	794	(23)

1103	->
	2630	(108)
	2632	(27)

1104	->
	3444	(25)

1105	->
	95	(25)
	99	(47)

1106	->
	1127	(37)
	1128	(24)

1107	->
	119	(66)
	125	(49)

1108	->
	2653	(154)

1109	->
	3228	(14)
	3211	(16)

1110	->
	2474	(170)

1111	->
	2497	(79)
	2501	(23)

1112	->
	3390	(40)

1113	->
	2022	(28)

1114	->
	747	(24)

1115	->
	3517	(17)
	3519	(15)

1116	->
	1968	(52)

1117	->
	1582	(21)

1118	->
	999	(48)
	1002	(17)

1119	->
	357	(40)
	359	(24)
	360	(18)

1120	->
	90	(492)

1121	->
	3103	(20)

1122	->
	1424	(11)
	1425	(20)
	1428	(28)

1123	->
	1001	(62)

1124	->
	3670	(26)

1125	->
	1173	(152)
	1182	(227)
	1183	(23)

1126	->
	3428	(56)

1127	->
	3664	(37)

1128	->
	762	(24)

1129	->
	669	(26)
	670	(18)

1130	->
	1945	(34)

1131	->
	2879	(115)

1132	->
	2441	(22)
	2443	(18)

1133	->
	781	(25)

1134	->
	2334	(21)
	2335	(33)

1135	->
	2819	(25)
	2838	(24)

1136	->
	2917	(196)

1137	->
	1122	(31)

1138	->
	800	(28)

1139	->
	1343	(23)

1140	->
	1789	(20)
	1790	(21)

1141	->
	2700	(18)
	2701	(21)
	2703	(107)

1142	->
	2299	(25)

1143	->
	2291	(69)
	2297	(17)
	2298	(26)

1144	->
	2464	(24)

1145	->
	3728	(42)
	3731	(23)

1146	->
	3306	(21)

1147	->
	1354	(16)

1148	->
	2328	(75)

1149	->
	2080	(24)

1150	->
	307	(14)

1151	->
	3518	(88)

1152	->
	881	(23)

1153	->
	845	(20)

1154	->
	1787	(14)

1155	->
	1647	(22)

1156	->
	2107	(145)

1157	->
	3212	(22)

1158	->
	835	(16)

1159	->
	2914	(41)

1160	->
	1243	(17)
	1244	(38)
	1246	(98)

1161	->
	1459	(18)

1162	->
	304	(22)

1163	->
	1999	(19)

1164	->
	3064	(50)

1165	->
	849	(24)

1166	->
	2199	(171)

1167	->
	964	(56)

1168	->
	2117	(26)
	2122	(12)
	2126	(16)

1169	->
	213	(29)
	217	(26)
	219	(20)

1170	->
	917	(21)

1171	->
	3197	(34)

1172	->
	2123	(16)

1173	->
	1689	(240)
	1690	(57)
	1692	(195)

1174	->
	113	(17)

1175	->
	2455	(21)
	2456	(43)
	2458	(40)

1176	->
	1055	(34)
	1056	(20)

1177	->
	2198	(26)
	2194	(26)

1178	->
	1268	(90)
	1269	(56)
	1275	(17)

1179	->
	1252	(168)

1180	->
	2984	(110)

1181	->
	103	(24)

1182	->
	3522	(522)

1183	->
	1378	(122)

1184	->
	1940	(134)

1185	->
	3602	(19)

1186	->
	3494	(89)
	3510	(59)

1187	->
	2351	(83)
	2359	(24)
	2352	(79)

1188	->
	1942	(18)
	1950	(30)

1189	->
	1054	(22)

1190	->
	3493	(80)
	3509	(41)

1191	->
	2316	(61)

1192	->
	1713	(23)
	1729	(35)

1193	->
	2945	(19)

1194	->
	2192	(25)

1195	->
	3571	(17)

1196	->
	531	(235)

1197	->
	3009	(142)

1198	->
	2060	(46)
	2062	(19)

1199	->
	3697	(19)

1200	->
	536	(22)

1201	->
	3333	(22)
	3335	(17)
	3338	(88)

1202	->
	2654	(168)

1203	->
	1574	(17)

1204	->
	1557	(22)

1205	->
	2787	(24)

1206	->
	2270	(17)
	2272	(25)
	2275	(22)

1207	->
	3515	(44)

1208	->
	1810	(73)

1209	->
	3596	(19)
	3598	(27)

1210	->
	893	(66)

1211	->
	202	(27)

1212	->
	86	(55)
	87	(15)
	88	(42)

1213	->
	3742	(46)
	3746	(17)
	3752	(18)

1214	->
	504	(44)
	506	(18)

1215	->
	3478	(39)
	3479	(44)

1216	->
	258	(22)

1217	->
	2573	(162)
	2567	(149)
	2570	(29)

1218	->
	1645	(46)

1219	->
	203	(28)

1220	->
	3045	(114)

1221	->
	2225	(103)
	2235	(43)

1222	->
	1532	(28)
	1533	(20)

1223	->
	1863	(87)

1224	->
	2364	(67)

1225	->
	1213	(18)

1226	->
	1879	(166)

1227	->
	3300	(14)
	3302	(24)
	3304	(44)

1228	->
	1768	(23)

1229	->
	1519	(19)

1230	->
	1118	(38)

1231	->
	2038	(24)
	2040	(16)

1232	->
	3388	(22)

1233	->
	2766	(15)

1234	->
	2067	(48)
	2068	(57)
	2069	(60)

1235	->
	2851	(260)

1236	->
	3694	(61)
	3695	(23)
	3691	(156)

1237	->
	1280	(25)

1238	->
	1535	(103)

1239	->
	928	(15)
	929	(35)

1240	->
	1472	(28)

1241	->
	3461	(23)
	3459	(21)

1242	->
	256	(21)
	248	(52)

1243	->
	2764	(84)

1244	->
	2837	(38)

1245	->
	3273	(17)
	3269	(26)

1246	->
	1273	(126)

1247	->
	468	(15)

1248	->
	3267	(71)
	3268	(48)

1249	->
	3498	(26)

1250	->
	619	(61)

1251	->
	3693	(11)

1252	->
	208	(164)
	216	(59)
	218	(42)

1253	->
	3690	(22)

1254	->
	1228	(23)
	1229	(19)

1255	->
	2393	(48)
	2394	(19)

1256	->
	909	(17)

1257	->
	897	(92)

1258	->
	3754	(20)

1259	->
	3542	(32)
	3545	(20)

1260	->
	2477	(23)
	2481	(34)

1261	->
	2848	(40)

1262	->
	380	(16)

1263	->
	3641	(17)

1264	->
	2861	(74)

1265	->
	1886	(21)

1266	->
	1846	(52)
	1830	(24)

1267	->
	944	(18)

1268	->
	154	(90)

1269	->
	56	(56)

1270	->
	518	(25)

1271	->
	1445	(46)
	1446	(18)
	1447	(82)

1272	->
	3186	(39)
	3187	(21)

1273	->
	3482	(38)
	3490	(104)

1274	->
	2484	(97)

1275	->
	46	(17)

1276	->
	2769	(15)

1277	->
	3714	(20)
	3718	(46)

1278	->
	945	(38)

1279	->
	2722	(21)

1280	->
	1380	(45)
	1382	(63)
	1383	(26)

1281	->
	2465	(21)
	2466	(44)

1282	->
	2504	(41)
	2500	(24)

1283	->
	2558	(47)
	2560	(17)

1284	->
	3339	(19)
	3344	(19)

1285	->
	3576	(13)
	3568	(22)

1286	->
	2494	(159)

1287	->
	522	(58)

1288	->
	981	(41)

1289	->
	272	(20)

1290	->
	2462	(28)

1291	->
	3175	(18)

1292	->
	1036	(43)

1293	->
	340	(41)

1294	->
	3401	(18)

1295	->
	3797	(30)

1296	->
	197	(41)
	199	(21)

1297	->
	1667	(21)
	1670	(24)

1298	->
	3275	(56)

1299	->
	2312	(18)

1300	->
	3278	(56)

1301	->
	2136	(116)

1302	->
	3292	(75)

1303	->
	3781	(15)

1304	->
	21	(143)

1305	->
	600	(22)

1306	->
	3735	(25)

1307	->
	789	(37)
	805	(22)
	809	(57)

1308	->
	3644	(101)
	3626	(55)
	3628	(59)

1309	->
	3359	(217)

1310	->
	2551	(34)
	2563	(25)

1311	->
	553	(21)

1312	->
	574	(16)

1313	->
	2254	(19)
	2256	(26)

1314	->
	1703	(18)

1315	->
	284	(23)

1316	->
	2215	(26)
	2217	(45)
	2221	(21)

1317	->
	1351	(37)
	1352	(24)

1318	->
	3180	(21)

1319	->
	2586	(46)

1320	->
	1695	(43)

1321	->
	3413	(150)
	3414	(41)
	3417	(38)

1322	->
	2628	(21)
	2629	(105)

1323	->
	1748	(24)

1324	->
	1754	(18)

1325	->
	2788	(18)
	2790	(38)

1326	->
	3480	(45)

1327	->
	161	(42)
	153	(20)

1328	->
	3314	(48)
	3318	(58)

1329	->
	3620	(16)
	3645	(26)

1330	->
	290	(46)
	291	(21)

1331	->
	1616	(83)
	1617	(64)
	1620	(93)

1332	->
	3731	(15)

1333	->
	2907	(90)

1334	->
	1365	(37)
	1369	(34)

1335	->
	1130	(18)

1336	->
	2523	(61)
	2526	(23)
	2518	(111)

1337	->
	3687	(24)

1338	->
	50	(40)

1339	->
	1086	(15)

1340	->
	2218	(39)
	2219	(19)

1341	->
	1335	(18)
	1337	(23)
	1339	(15)

1342	->
	645	(99)
	647	(28)
	654	(136)

1343	->
	3541	(42)
	3528	(46)

1344	->
	260	(43)

1345	->
	2192	(22)

1346	->
	936	(45)
	937	(25)
	938	(59)

1347	->
	222	(39)
	230	(40)

1348	->
	3573	(27)
	3575	(64)

1349	->
	1940	(81)

1350	->
	2224	(68)

1351	->
	486	(19)
	487	(18)

1352	->
	2350	(24)

1353	->
	314	(19)

1354	->
	407	(22)
	412	(16)

1355	->
	3788	(30)

1356	->
	2401	(19)
	2402	(24)

1357	->
	3454	(16)

1358	->
	394	(25)

1359	->
	3165	(20)

1360	->
	2621	(49)
	2619	(39)
	2620	(45)

1361	->
	3103	(240)
	3104	(226)
	3105	(65)

1362	->
	903	(25)

1363	->
	1362	(28)
	1371	(19)

1364	->
	2365	(23)
	2369	(71)

1365	->
	2462	(37)

1366	->
	2285	(19)
	2286	(16)

1367	->
	1417	(271)
	1418	(113)
	1420	(379)

1368	->
	775	(43)
	764	(34)

1369	->
	2494	(34)

1370	->
	1072	(22)
	1073	(13)

1371	->
	27	(19)

1372	->
	146	(23)
	150	(18)

1373	->
	1321	(152)

1374	->
	3243	(23)

1375	->
	2059	(48)

1376	->
	185	(21)

1377	->
	3118	(71)
	3119	(22)
	3121	(15)

1378	->
	1857	(203)

1379	->
	2478	(20)

1380	->
	1394	(83)

1381	->
	3177	(52)

1382	->
	3432	(89)
	3434	(22)

1383	->
	8	(73)

1384	->
	2493	(29)
	2495	(42)

1385	->
	842	(24)
	843	(27)

1386	->
	2489	(15)

1387	->
	1471	(17)

1388	->
	3445	(18)
	3447	(39)

1389	->
	2948	(29)

1390	->
	1135	(24)

1391	->
	1343	(65)

1392	->
	2225	(134)
	2235	(95)

1393	->
	1252	(97)

1394	->
	2089	(196)
	2090	(58)
	2091	(60)

1395	->
	1300	(56)
	1301	(116)
	1304	(142)

1396	->
	835	(35)

1397	->
	1967	(70)

1398	->
	1020	(90)
	1021	(21)
	1000	(161)

1399	->
	1143	(86)

1400	->
	2631	(71)

1401	->
	1822	(298)

1402	->
	2101	(75)
	2105	(18)

1403	->
	886	(69)

1404	->
	279	(40)
	280	(30)

1405	->
	3342	(138)

1406	->
	2649	(101)

1407	->
	3677	(257)

1408	->
	845	(24)

1409	->
	881	(46)

1410	->
	284	(16)

1411	->
	3676	(17)
	3680	(23)

1412	->
	1106	(45)

1413	->
	2810	(109)

1414	->
	2032	(192)

1415	->
	2020	(123)

1416	->
	3006	(28)

1417	->
	3311	(193)
	3330	(258)

1418	->
	3707	(165)

1419	->
	508	(25)
	514	(48)

1420	->
	2645	(570)

1421	->
	1849	(80)

1422	->
	3436	(15)

1423	->
	1622	(19)

1424	->
	3057	(11)

1425	->
	2814	(20)

1426	->
	2295	(48)
	2296	(51)
	2300	(21)

1427	->
	1824	(26)

1428	->
	374	(28)

1429	->
	2008	(72)
	2014	(120)
	2016	(18)

1430	->
	1668	(47)
	1674	(38)

1431	->
	1234	(17)

1432	->
	2542	(24)
	2802	(20)

1433	->
	2081	(25)

1434	->
	1479	(26)

1435	->
	666	(18)

1436	->
	3400	(18)

1437	->
	2718	(45)
	2742	(66)

1438	->
	2080	(61)

1439	->
	1354	(22)

1440	->
	625	(37)
	626	(74)

1441	->
	1413	(21)

1442	->
	1677	(50)

1443	->
	2851	(127)

1444	->
	2006	(40)
	2005	(24)

1445	->
	3039	(46)

1446	->
	2399	(18)

1447	->
	3054	(82)

1448	->
	704	(22)

1449	->
	1934	(35)
	1936	(43)

1450	->
	299	(18)

1451	->
	2827	(54)
	2852	(63)

1452	->
	645	(18)
	654	(23)

1453	->
	2119	(16)

1454	->
	3763	(26)

1455	->
	2159	(21)
	2160	(25)

1456	->
	2384	(60)

1457	->
	3009	(90)

1458	->
	331	(21)
	332	(49)
	335	(24)

1459	->
	462	(23)
	464	(18)

1460	->
	2925	(38)
	2928	(24)

1461	->
	3262	(42)
	3265	(102)

1462	->
	1212	(45)

1463	->
	651	(57)

1464	->
	1370	(22)

1465	->
	1049	(19)
	1057	(25)

1466	->
	1715	(20)
	1709	(42)

1467	->
	72	(22)
	74	(25)

1468	->
	2052	(65)

1469	->
	1744	(19)

1470	->
	1295	(30)
	1303	(15)
	1306	(25)

1471	->
	2094	(42)

1472	->
	1082	(37)
	1085	(48)

1473	->
	2882	(32)
	2886	(36)
	2888	(24)

1474	->
	1491	(63)
	1496	(65)

1475	->
	3630	(34)
	3627	(22)
	3629	(16)

1476	->
	796	(55)
	798	(24)

1477	->
	3150	(74)
	3151	(67)
	3152	(43)

1478	->
	3813	(19)

1479	->
	923	(54)

1480	->
	2349	(122)

1481	->
	405	(24)

1482	->
	973	(80)

1483	->
	3170	(42)
	3173	(41)

1484	->
	2278	(25)
	2279	(54)

1485	->
	3477	(218)

1486	->
	1775	(20)
	1776	(17)
	1777	(26)

1487	->
	8	(35)

1488	->
	437	(76)

1489	->
	3540	(205)

1490	->
	779	(37)
	780	(19)

1491	->
	813	(37)
	815	(25)
	841	(73)

1492	->
	3106	(45)
	3108	(25)

1493	->
	1372	(18)

1494	->
	2483	(79)

1495	->
	1783	(83)

1496	->
	2357	(25)
	2361	(62)

1497	->
	1789	(17)

1498	->
	194	(23)

1499	->
	3099	(43)

1500	->
	1224	(23)

1501	->
	1366	(16)

1502	->
	1672	(69)

1503	->
	3168	(47)

1504	->
	3167	(162)

1505	->
	3146	(43)

1506	->
	2224	(21)

1507	->
	146	(203)
	148	(38)
	150	(54)

1508	->
	129	(139)

1509	->
	1450	(18)
	1448	(22)

1510	->
	3015	(39)
	3013	(22)

1511	->
	339	(122)

1512	->
	3736	(39)
	3738	(14)

1513	->
	3702	(23)

1514	->
	3715	(65)
	3716	(47)
	3717	(17)

1515	->
	1090	(43)
	1088	(39)
	1089	(23)

1516	->
	2910	(18)

1517	->
	165	(373)

1518	->
	3278	(44)

1519	->
	2586	(20)

1520	->
	2136	(122)

1521	->
	754	(19)
	756	(11)

1522	->
	1634	(42)
	1637	(66)

1523	->
	1438	(60)
	1439	(22)

1524	->
	1875	(164)

1525	->
	2921	(81)

1526	->
	405	(46)

1527	->
	329	(137)

1528	->
	1587	(25)

1529	->
	960	(14)
	963	(39)
	965	(20)

1530	->
	1248	(41)

1531	->
	1590	(28)

1532	->
	1122	(28)

1533	->
	1758	(20)
	1762	(16)

1534	->
	1577	(36)
	1579	(16)

1535	->
	1187	(145)

1536	->
	3382	(21)
	3386	(16)

1537	->
	393	(48)
	395	(15)
	396	(15)

1538	->
	437	(37)

1539	->
	3148	(51)

1540	->
	2778	(121)
	2779	(217)
	2793	(152)

1541	->
	1399	(86)
	1400	(72)
	1407	(258)

1542	->
	1405	(138)
	1309	(125)

1543	->
	2276	(29)
	2283	(14)

1544	->
	2640	(16)

1545	->
	3734	(87)

1546	->
	499	(32)

1547	->
	3521	(87)

1548	->
	1413	(87)

1549	->
	3763	(39)
	3765	(73)

1550	->
	824	(16)
	822	(22)

1551	->
	3467	(17)

1552	->
	2429	(19)

1553	->
	2757	(179)
	2758	(80)
	2760	(204)

1554	->
	1842	(40)

1555	->
	1990	(132)

1556	->
	2931	(62)

1557	->
	940	(22)
	941	(26)

1558	->
	491	(71)
	493	(25)

1559	->
	168	(18)

1560	->
	201	(28)

1561	->
	3591	(66)

1562	->
	1659	(30)
	1664	(16)

1563	->
	1649	(16)
	1646	(32)
	1648	(20)

1564	->
	2423	(44)

1565	->
	1792	(18)

1566	->
	303	(31)
	311	(15)

1567	->
	1282	(22)

1568	->
	2572	(65)
	2574	(80)
	2566	(124)

1569	->
	2601	(53)
	2603	(120)
	2604	(20)

1570	->
	2167	(96)
	2169	(23)
	2172	(180)

1571	->
	2459	(21)

1572	->
	1437	(44)

1573	->
	1451	(98)

1574	->
	1403	(53)

1575	->
	1177	(26)

1576	->
	803	(44)

1577	->
	3007	(18)
	3008	(18)

1578	->
	1147	(16)
	1149	(24)

1579	->
	1945	(16)

1580	->
	750	(83)
	751	(48)

1581	->
	2533	(17)

1582	->
	1156	(65)
	1159	(41)

1583	->
	1703	(22)

1584	->
	2445	(27)
	2453	(23)

1585	->
	3044	(15)
	3046	(15)

1586	->
	3760	(227)

1587	->
	2012	(17)
	2015	(21)
	2017	(25)

1588	->
	3305	(216)
	3308	(75)
	3309	(63)

1589	->
	80	(19)

1590	->
	3293	(51)

1591	->
	3582	(39)

1592	->
	3682	(125)
	3683	(18)
	3685	(19)

1593	->
	1986	(63)
	1984	(90)

1594	->
	975	(22)
	986	(28)

1595	->
	1868	(22)

1596	->
	1594	(22)

1597	->
	3463	(22)
	3475	(36)

1598	->
	1458	(44)

1599	->
	2689	(29)
	2692	(78)

1600	->
	3794	(183)

1601	->
	3307	(98)
	3299	(31)

1602	->
	3419	(23)

1603	->
	2558	(67)
	2560	(24)
	2562	(44)

1604	->
	1054	(21)

1605	->
	1851	(38)

1606	->
	29	(25)

1607	->
	1241	(23)

1608	->
	46	(21)

1609	->
	56	(97)

1610	->
	1661	(18)

1611	->
	1287	(15)

1612	->
	2043	(122)
	2055	(154)
	2057	(42)

1613	->
	154	(192)

1614	->
	3466	(14)

1615	->
	891	(49)

1616	->
	3764	(88)
	3777	(19)

1617	->
	811	(64)

1618	->
	3504	(49)

1619	->
	3524	(17)

1620	->
	2535	(118)

1621	->
	1854	(23)
	1850	(16)

1622	->
	545	(19)
	549	(25)
	550	(17)

1623	->
	3163	(44)

1624	->
	3772	(27)

1625	->
	1797	(16)

1626	->
	1154	(14)
	1155	(22)

1627	->
	1714	(16)
	1738	(22)

1628	->
	3516	(17)

1629	->
	1574	(36)

1630	->
	1013	(39)

1631	->
	1557	(26)

1632	->
	1704	(17)

1633	->
	3306	(17)

1634	->
	1163	(18)
	1165	(24)

1635	->
	979	(61)
	981	(52)

1636	->
	326	(20)
	327	(28)

1637	->
	58	(66)

1638	->
	734	(164)

1639	->
	2548	(20)

1640	->
	2575	(209)

1641	->
	1749	(39)

1642	->
	2257	(40)
	2258	(38)

1643	->
	3310	(20)

1644	->
	1614	(14)
	1618	(49)
	1619	(17)

1645	->
	905	(44)
	926	(90)

1646	->
	2902	(16)
	2904	(17)
	2897	(16)

1647	->
	436	(33)

1648	->
	2799	(18)
	2805	(20)

1649	->
	117	(16)
	124	(16)

1650	->
	2211	(34)
	2212	(23)

1651	->
	3635	(69)

1652	->
	3808	(41)

1653	->
	3642	(18)

1654	->
	3675	(27)

1655	->
	27	(21)

1656	->
	1800	(75)
	1801	(41)
	1803	(52)

1657	->
	803	(47)
	806	(24)
	808	(40)

1658	->
	2769	(12)

1659	->
	2697	(30)

1660	->
	767	(180)

1661	->
	2722	(63)

1662	->
	1177	(25)

1663	->
	1963	(65)
	1964	(76)
	1965	(24)

1664	->
	3391	(16)

1665	->
	2647	(106)
	2626	(92)

1666	->
	1355	(12)

1667	->
	3131	(20)

1668	->
	2745	(47)

1669	->
	116	(18)

1670	->
	560	(24)

1671	->
	1760	(49)
	1763	(48)

1672	->
	2964	(90)

1673	->
	312	(27)

1674	->
	3499	(16)
	3500	(22)

1675	->
	1169	(49)

1676	->
	2992	(69)

1677	->
	28	(66)
	30	(27)
	31	(42)

1678	->
	2708	(48)

1679	->
	1140	(20)

1680	->
	1564	(27)

1681	->
	2860	(164)

1682	->
	1983	(78)

1683	->
	3499	(21)
	3501	(27)

1684	->
	2745	(105)

1685	->
	2813	(26)

1686	->
	2372	(173)
	2367	(18)
	2368	(223)

1687	->
	2784	(85)
	2786	(44)

1688	->
	2591	(247)

1689	->
	2923	(289)

1690	->
	1190	(81)

1691	->
	1145	(42)
	1146	(21)
	1150	(13)

1692	->
	2787	(220)

1693	->
	101	(31)
	104	(65)
	105	(21)

1694	->
	927	(19)
	970	(21)

1695	->
	2715	(207)

1696	->
	345	(122)

1697	->
	1041	(69)
	1042	(155)
	1043	(162)

1698	->
	3543	(25)
	3546	(20)

1699	->
	1198	(22)

1700	->
	2158	(116)

1701	->
	2507	(42)

1702	->
	3337	(18)

1703	->
	2590	(22)
	2592	(18)

1704	->
	336	(89)

1705	->
	608	(25)

1706	->
	338	(18)
	346	(25)
	347	(23)

1707	->
	1964	(27)

1708	->
	33	(23)

1709	->
	202	(42)

1710	->
	2520	(22)

1711	->
	3424	(157)
	3426	(17)
	3421	(180)

1712	->
	3176	(113)

1713	->
	768	(23)

1714	->
	2021	(16)

1715	->
	3799	(20)

1716	->
	2130	(174)

1717	->
	3781	(143)

1718	->
	3212	(50)

1719	->
	2914	(24)

1720	->
	825	(24)

1721	->
	3360	(57)

1722	->
	2134	(40)

1723	->
	1826	(16)

1724	->
	239	(88)

1725	->
	3735	(48)

1726	->
	3797	(123)

1727	->
	2220	(22)

1728	->
	3446	(298)

1729	->
	463	(17)
	471	(18)

1730	->
	2792	(42)

1731	->
	42	(73)
	43	(21)

1732	->
	3450	(27)

1733	->
	1520	(48)

1734	->
	1364	(73)

1735	->
	3208	(33)

1736	->
	2025	(25)

1737	->
	1239	(35)

1738	->
	3010	(22)

1739	->
	2328	(207)

1740	->
	2299	(86)

1741	->
	561	(46)

1742	->
	996	(17)

1743	->
	3125	(39)

1744	->
	330	(20)
	333	(19)

1745	->
	1626	(22)
	1628	(17)

1746	->
	3366	(43)
	3368	(26)

1747	->
	1440	(17)

1748	->
	982	(44)
	983	(54)
	984	(39)

1749	->
	355	(66)
	356	(23)

1750	->
	1366	(19)

1751	->
	1044	(36)

1752	->
	3478	(48)
	3479	(67)

1753	->
	1824	(42)

1754	->
	1515	(62)

1755	->
	1849	(23)

1756	->
	3067	(60)

1757	->
	78	(19)
	79	(23)
	73	(19)

1758	->
	3090	(20)

1759	->
	868	(17)

1760	->
	64	(49)

1761	->
	446	(18)

1762	->
	490	(15)

1763	->
	1184	(48)

1764	->
	819	(18)

1765	->
	1769	(60)

1766	->
	2385	(108)

1767	->
	2408	(100)

1768	->
	406	(18)
	409	(23)

1769	->
	267	(19)
	268	(60)

1770	->
	1627	(22)

1771	->
	1855	(20)

1772	->
	3321	(62)
	3323	(14)
	3325	(37)

1773	->
	128	(34)

1774	->
	2023	(16)
	2024	(57)
	2027	(16)

1775	->
	2857	(20)

1776	->
	374	(17)

1777	->
	2301	(27)

1778	->
	2170	(15)

1779	->
	3716	(42)

1780	->
	2189	(107)

1781	->
	2531	(66)

1782	->
	703	(18)

1783	->
	296	(44)
	297	(39)
	354	(21)

1784	->
	257	(89)
	250	(55)

1785	->
	2709	(20)
	2711	(15)

1786	->
	3313	(27)

1787	->
	2343	(14)
	2344	(28)

1788	->
	2132	(94)

1789	->
	2608	(17)
	2609	(20)

1790	->
	2965	(21)

1791	->
	1626	(14)

1792	->
	594	(23)
	603	(20)
	595	(18)
	597	(22)

1793	->
	561	(18)

1794	->
	2747	(65)

1795	->
	2699	(26)

1796	->
	2714	(55)

1797	->
	1844	(79)
	1829	(41)
	1831	(16)

1798	->
	164	(22)

1799	->
	145	(26)

1800	->
	743	(75)

1801	->
	3802	(41)

1802	->
	2304	(55)

1803	->
	2657	(52)

1804	->
	3548	(168)

1805	->
	3554	(344)

1806	->
	724	(70)
	725	(63)
	726	(123)

1807	->
	3675	(16)

1808	->
	3635	(13)

1809	->
	3642	(17)

1810	->
	101	(15)
	104	(17)
	105	(63)

1811	->
	3649	(289)

1812	->
	572	(65)
	539	(20)

1813	->
	3100	(20)
	3101	(72)

1814	->
	3317	(50)
	3315	(83)

1815	->
	1608	(21)
	1609	(97)
	1613	(192)

1816	->
	651	(37)

1817	->
	2915	(25)
	2916	(44)

1818	->
	2184	(275)

1819	->
	2162	(147)

1820	->
	431	(18)

1821	->
	37	(15)

1822	->
	1024	(37)
	1027	(239)
	1033	(245)

1823	->
	11	(44)

1824	->
	1904	(21)
	1906	(26)
	1899	(21)

1825	->
	2196	(345)

1826	->
	1910	(16)
	1912	(22)

1827	->
	1373	(129)

1828	->
	535	(170)
	533	(15)
	534	(59)

1829	->
	2096	(60)

1830	->
	2013	(25)

1831	->
	1475	(34)

1832	->
	922	(18)
	924	(23)

1833	->
	1092	(22)
	1094	(17)
	1095	(15)

1834	->
	1235	(203)

1835	->
	1342	(242)

1836	->
	1340	(39)

1837	->
	1308	(182)

1838	->
	793	(21)

1839	->
	1350	(52)

1840	->
	2834	(40)

1841	->
	3006	(25)

1842	->
	2187	(21)
	2188	(40)
	2181	(21)

1843	->
	2958	(59)

1844	->
	585	(138)

1845	->
	1325	(40)
	1322	(99)

1846	->
	537	(25)
	538	(42)
	548	(65)

1847	->
	1914	(18)

1848	->
	1307	(51)

1849	->
	1349	(81)
	1345	(22)

1850	->
	1931	(16)

1851	->
	2668	(15)
	2669	(22)
	2665	(45)

1852	->
	201	(42)

1853	->
	168	(16)

1854	->
	472	(23)

1855	->
	376	(52)
	385	(64)

1856	->
	2250	(20)

1857	->
	1827	(129)
	1837	(182)
	1839	(52)

1858	->
	2061	(184)

1859	->
	3750	(43)

1860	->
	1744	(20)
	1747	(17)

1861	->
	86	(25)
	88	(18)

1862	->
	414	(20)
	384	(21)

1863	->
	668	(50)
	672	(54)

1864	->
	1239	(15)

1865	->
	2753	(39)

1866	->
	1492	(45)
	1495	(19)
	1498	(23)

1867	->
	1270	(25)
	1278	(38)

1868	->
	1488	(39)

1869	->
	2930	(96)

1870	->
	3410	(37)

1871	->
	2726	(119)
	2719	(48)
	2720	(112)

1872	->
	2605	(36)
	2606	(20)
	2611	(61)

1873	->
	3759	(21)
	3784	(16)

1874	->
	781	(16)

1875	->
	2988	(43)
	2989	(13)
	2985	(156)

1876	->
	3181	(19)

1877	->
	3213	(28)

1878	->
	3209	(68)

1879	->
	2173	(213)

1880	->
	3296	(34)
	3297	(43)

1881	->
	29	(40)

1882	->
	2728	(43)

1883	->
	2420	(19)

1884	->
	1477	(21)

1885	->
	1524	(40)

1886	->
	3242	(21)
	3245	(23)

1887	->
	3571	(115)

1888	->
	2638	(36)
	2639	(45)

1889	->
	569	(248)

1890	->
	769	(22)

1891	->
	2835	(20)
	2847	(16)

1892	->
	1009	(133)
	1014	(150)

1893	->
	844	(24)

1894	->
	2093	(11)

1895	->
	1517	(340)
	1508	(139)
	1511	(102)

1896	->
	247	(41)

1897	->
	2353	(119)

1898	->
	266	(145)

1899	->
	3320	(33)
	3322	(56)

1900	->
	2623	(493)

1901	->
	867	(43)

1902	->
	1479	(28)

1903	->
	163	(124)

1904	->
	3674	(63)

1905	->
	2780	(22)
	2781	(18)

1906	->
	1927	(26)

1907	->
	3399	(19)

1908	->
	3458	(20)
	3460	(21)

1909	->
	1845	(61)

1910	->
	425	(16)
	429	(44)

1911	->
	1597	(36)

1912	->
	2634	(22)

1913	->
	2116	(26)

1914	->
	3310	(36)

1915	->
	2779	(20)

1916	->
	1867	(48)

1917	->
	2051	(17)

1918	->
	3276	(12)

1919	->
	3116	(26)
	3129	(27)

1920	->
	3808	(75)

1921	->
	3723	(40)
	3724	(17)

1922	->
	909	(96)

1923	->
	3584	(33)

1924	->
	857	(13)

1925	->
	2625	(24)

1926	->
	3699	(21)
	3701	(15)

1927	->
	914	(21)
	916	(62)
	913	(43)

1928	->
	32	(24)
	34	(22)

1929	->
	2680	(125)
	2682	(72)
	2695	(189)

1930	->
	1858	(149)

1931	->
	3350	(16)
	3351	(24)

1932	->
	1977	(635)

1933	->
	456	(26)

1934	->
	2163	(19)
	1958	(16)

1935	->
	1271	(56)

1936	->
	498	(43)

1937	->
	1176	(15)

1938	->
	1168	(28)

1939	->
	1746	(53)
	1751	(21)
	1752	(48)

1940	->
	2951	(147)
	2959	(44)
	2962	(23)

1941	->
	2685	(41)

1942	->
	2857	(18)

1943	->
	3435	(20)

1944	->
	3684	(23)

1945	->
	235	(16)
	245	(34)

1946	->
	1442	(29)

1947	->
	2698	(17)

1948	->
	3636	(18)

1949	->
	220	(20)
	221	(19)

1950	->
	453	(30)

1951	->
	1586	(23)

1952	->
	1580	(35)

1953	->
	2037	(118)

1954	->
	887	(19)
	889	(27)

1955	->
	3155	(44)

1956	->
	2737	(24)
	2738	(20)
	2740	(13)

1957	->
	1976	(235)

1958	->
	3275	(16)

1959	->
	3150	(96)
	3151	(20)
	3152	(18)

1960	->
	1875	(48)

1961	->
	1887	(115)
	1874	(16)

1962	->
	3231	(24)

1963	->
	3181	(65)

1964	->
	3213	(103)

1965	->
	3209	(24)

1966	->
	1363	(19)

1967	->
	584	(70)
	488	(21)

1968	->
	888	(16)
	879	(71)

1969	->
	987	(43)
	990	(51)

1970	->
	2237	(14)
	2239	(26)

1971	->
	37	(16)

1972	->
	2945	(18)

1973	->
	431	(12)

1974	->
	11	(62)

1975	->
	1919	(26)

1976	->
	1199	(19)
	1201	(127)
	1202	(168)

1977	->
	364	(276)
	361	(109)
	362	(327)

1978	->
	3040	(23)
	3042	(49)

1979	->
	2935	(21)

1980	->
	766	(18)
	763	(90)
	765	(13)

1981	->
	2881	(18)

1982	->
	1918	(12)
	1916	(49)

1983	->
	737	(36)
	739	(62)

1984	->
	2391	(142)

1985	->
	281	(73)

1986	->
	3608	(59)
	3587	(25)
	3589	(60)

1987	->
	1083	(24)

1988	->
	417	(43)

1989	->
	3175	(44)

1990	->
	3014	(72)
	3017	(99)
	3018	(51)

1991	->
	2594	(21)
	2581	(38)

1992	->
	369	(18)
	370	(62)
	365	(21)

1993	->
	1291	(18)
	1292	(43)
	1293	(41)

1994	->
	728	(46)

1995	->
	3611	(42)

1996	->
	3386	(15)

1997	->
	811	(15)

1998	->
	340	(55)

1999	->
	760	(18)
	761	(19)

2000	->
	2409	(16)

2001	->
	1312	(15)
	1314	(18)

2002	->
	2415	(17)

2003	->
	3678	(13)

2004	->
	3257	(15)

2005	->
	2194	(24)

2006	->
	1962	(22)
	1966	(19)

2007	->
	3523	(19)

2008	->
	1704	(72)

2009	->
	2095	(12)

2010	->
	2679	(20)

2011	->
	2197	(18)

2012	->
	2327	(17)
	2332	(62)

2013	->
	936	(45)

2014	->
	1797	(120)

2015	->
	265	(100)

2016	->
	1283	(18)

2017	->
	2304	(41)

2018	->
	3392	(17)
	3394	(18)

2019	->
	2862	(24)
	2863	(45)

2020	->
	1592	(147)

2021	->
	2952	(124)
	2953	(92)
	2954	(26)

2022	->
	2569	(22)
	2571	(28)

2023	->
	14	(31)
	15	(16)

2024	->
	797	(49)
	801	(23)

2025	->
	3221	(25)
	3218	(17)

2026	->
	2579	(23)
	2582	(165)

2027	->
	224	(52)

2028	->
	185	(21)

2029	->
	1772	(45)

2030	->
	731	(17)

2031	->
	844	(25)

2032	->
	1767	(101)
	1765	(60)
	1766	(108)

2033	->
	867	(23)

2034	->
	2533	(26)

2035	->
	2137	(19)

2036	->
	272	(45)

2037	->
	293	(41)
	295	(15)
	298	(115)

2038	->
	1473	(24)

2039	->
	2230	(73)
	2232	(15)

2040	->
	749	(16)

2041	->
	38	(25)
	39	(173)

2042	->
	2426	(19)
	2425	(37)

2043	->
	3335	(136)
	3338	(234)

2044	->
	2595	(24)
	2600	(28)

2045	->
	1461	(59)

2046	->
	133	(15)
	134	(20)
	135	(26)

2047	->
	1191	(18)

2048	->
	2824	(18)

2049	->
	3429	(18)

2050	->
	644	(22)

2051	->
	236	(33)
	231	(25)
	233	(17)

2052	->
	3239	(16)
	3246	(107)

2053	->
	1484	(60)

2054	->
	2886	(50)

2055	->
	2654	(475)

2056	->
	3223	(35)

2057	->
	3697	(261)

2058	->
	1486	(43)

2059	->
	3612	(52)
	3614	(23)
	3585	(25)

2060	->
	675	(46)

2061	->
	286	(102)
	292	(38)
	294	(108)

2062	->
	1313	(19)

2063	->
	353	(279)

2064	->
	1586	(204)

2065	->
	165	(71)

2066	->
	420	(87)

2067	->
	3393	(65)

2068	->
	3820	(22)
	3822	(35)

2069	->
	516	(136)

2070	->
	1580	(96)

2071	->
	735	(231)

2072	->
	129	(21)

2073	->
	339	(204)

2074	->
	2982	(54)
	2981	(60)

2075	->
	3192	(18)

2076	->
	3754	(16)

2077	->
	1896	(41)
	1902	(28)

2078	->
	596	(18)

2079	->
	389	(46)

2080	->
	23	(42)
	24	(43)

2081	->
	1180	(73)

2082	->
	1016	(42)

2083	->
	532	(43)

2084	->
	3016	(72)

2085	->
	1635	(52)

2086	->
	3369	(44)

2087	->
	2370	(19)
	2371	(62)
	2373	(58)

2088	->
	3164	(322)

2089	->
	1367	(196)

2090	->
	3250	(32)
	3255	(26)

2091	->
	3469	(60)

2092	->
	2879	(28)

2093	->
	251	(11)
	252	(23)
	255	(24)

2094	->
	3301	(17)
	3303	(73)

2095	->
	2118	(30)
	2139	(15)

2096	->
	3785	(40)
	3786	(50)
	3787	(22)

2097	->
	1190	(41)

2098	->
	702	(36)
	706	(92)

2099	->
	3324	(20)

2100	->
	1103	(120)
	1108	(97)
	1110	(171)

2101	->
	2100	(75)

2102	->
	1079	(25)

2103	->
	3708	(65)

2104	->
	1781	(16)

2105	->
	1341	(18)

2106	->
	3142	(19)

2107	->
	580	(85)
	581	(23)
	583	(225)

2108	->
	3789	(16)
	3790	(18)
	3791	(42)

2109	->
	1006	(73)

2110	->
	2623	(76)

2111	->
	646	(35)

2112	->
	1220	(66)
	1219	(28)

2113	->
	1517	(32)
	1511	(20)

2114	->
	3465	(179)

2115	->
	2543	(15)
	2545	(36)

2116	->
	1020	(44)
	1000	(68)

2117	->
	3586	(25)

2118	->
	2345	(13)
	2346	(18)

2119	->
	1880	(33)

2120	->
	2995	(40)
	2996	(24)

2121	->
	3806	(45)

2122	->
	2970	(12)

2123	->
	1334	(50)

2124	->
	3374	(96)

2125	->
	2113	(52)
	2110	(75)

2126	->
	1534	(16)

2127	->
	3132	(27)

2128	->
	3020	(20)

2129	->
	795	(18)

2130	->
	2107	(188)

2131	->
	711	(21)
	712	(42)

2132	->
	1131	(115)
	1136	(196)

2133	->
	57	(44)

2134	->
	1214	(62)
	1218	(46)

2135	->
	1470	(41)

2136	->
	318	(141)
	321	(49)
	322	(48)

2137	->
	3171	(19)
	3174	(15)

2138	->
	1462	(19)

2139	->
	2137	(15)

2140	->
	309	(31)

2141	->
	1816	(15)

2142	->
	1787	(28)

2143	->
	1099	(58)

2144	->
	2399	(17)
	2400	(65)

2145	->
	714	(87)

2146	->
	1534	(36)

2147	->
	167	(49)

2148	->
	966	(88)

2149	->
	741	(85)

2150	->
	716	(53)
	717	(56)
	721	(24)

2151	->
	178	(129)

2152	->
	187	(18)

2153	->
	200	(126)

2154	->
	1179	(150)

2155	->
	1087	(229)
	1091	(81)
	1093	(141)

2156	->
	3493	(22)
	3509	(17)

2157	->
	1221	(108)

2158	->
	2667	(118)
	2670	(25)
	2671	(18)

2159	->
	3008	(21)

2160	->
	1615	(25)

2161	->
	2724	(34)
	2734	(18)

2162	->
	269	(188)

2163	->
	3292	(19)

2164	->
	3005	(21)

2165	->
	3631	(87)
	3632	(38)
	3633	(21)

2166	->
	3142	(24)

2167	->
	2087	(96)

2168	->
	285	(17)

2169	->
	2086	(23)

2170	->
	2864	(15)
	3003	(41)

2171	->
	1961	(40)

2172	->
	2503	(181)

2173	->
	2064	(204)
	2066	(87)
	2070	(96)

2174	->
	1024	(22)
	1027	(60)
	1033	(37)

2175	->
	460	(19)

2176	->
	1592	(15)

2177	->
	3803	(39)
	3807	(40)

2178	->
	3153	(17)

2179	->
	1512	(39)

2180	->
	587	(36)
	590	(46)
	591	(58)

2181	->
	3266	(21)

2182	->
	532	(25)

2183	->
	1018	(79)
	1019	(40)

2184	->
	783	(162)
	786	(262)
	788	(19)

2185	->
	2234	(16)

2186	->
	686	(18)
	687	(20)

2187	->
	152	(21)

2188	->
	1991	(40)

2189	->
	3593	(205)
	3594	(81)
	3595	(98)

2190	->
	601	(20)
	598	(35)

2191	->
	1625	(16)
	1632	(17)

2192	->
	404	(47)

2193	->
	100	(34)
	108	(23)

2194	->
	1933	(26)
	1931	(24)

2195	->
	3512	(20)
	3552	(22)

2196	->
	1417	(181)
	1418	(52)
	1420	(191)

2197	->
	1838	(21)
	1840	(40)

2198	->
	2388	(27)

2199	->
	3376	(117)
	3377	(22)
	3380	(233)

2200	->
	2432	(15)

2201	->
	1542	(138)

2202	->
	485	(17)

2203	->
	1467	(25)

2204	->
	3750	(21)

2205	->
	1083	(35)

2206	->
	1036	(37)

2207	->
	2248	(21)

2208	->
	3203	(25)
	3205	(13)
	3215	(55)

2209	->
	2744	(38)

2210	->
	2710	(67)

2211	->
	3029	(34)

2212	->
	2869	(23)

2213	->
	3206	(114)

2214	->
	3615	(16)
	3616	(24)

2215	->
	1881	(26)

2216	->
	566	(16)
	570	(27)

2217	->
	2716	(27)
	2717	(18)

2218	->
	1522	(56)

2219	->
	1502	(44)

2220	->
	2216	(27)
	2213	(41)

2221	->
	2754	(21)

2222	->
	2305	(40)

2223	->
	804	(15)

2224	->
	1971	(16)
	1973	(11)
	1974	(62)

2225	->
	40	(237)

2226	->
	472	(18)

2227	->
	2853	(28)
	2855	(30)

2228	->
	3252	(101)

2229	->
	3806	(19)

2230	->
	2993	(24)
	2995	(53)
	2996	(111)

2231	->
	3419	(26)

2232	->
	2768	(33)

2233	->
	2801	(25)
	2794	(24)

2234	->
	3233	(41)

2235	->
	1660	(37)
	1665	(101)

2236	->
	3033	(16)

2237	->
	3706	(14)

2238	->
	1079	(16)

2239	->
	372	(26)

2240	->
	2252	(20)

2241	->
	3028	(75)
	3030	(17)
	3031	(50)

2242	->
	2810	(21)
	2812	(44)
	2815	(11)

2243	->
	2446	(47)

2244	->
	1742	(17)
	1750	(19)

2245	->
	3492	(37)

2246	->
	3538	(23)

2247	->
	2377	(23)
	2378	(127)
	2379	(183)

2248	->
	4	(37)
	6	(28)

2249	->
	1137	(11)

2250	->
	2874	(19)
	2878	(20)

2251	->
	314	(39)

2252	->
	742	(50)
	733	(24)

2253	->
	3137	(38)
	3138	(22)
	3139	(52)

2254	->
	691	(22)
	673	(44)

2255	->
	193	(42)

2256	->
	3097	(26)

2257	->
	664	(137)

2258	->
	3603	(45)
	3604	(16)

2259	->
	3431	(24)

2260	->
	2854	(25)

2261	->
	3316	(20)

2262	->
	3328	(21)

2263	->
	3378	(16)

2264	->
	3799	(22)

2265	->
	1255	(22)

2266	->
	2098	(58)

2267	->
	2532	(21)

2268	->
	2350	(47)

2269	->
	3124	(17)

2270	->
	1860	(17)

2271	->
	3196	(47)

2272	->
	2477	(25)

2273	->
	2094	(48)

2274	->
	1593	(24)

2275	->
	1826	(22)

2276	->
	3540	(29)

2277	->
	3524	(25)

2278	->
	1142	(25)
	1148	(75)

2279	->
	1818	(84)
	1819	(35)

2280	->
	3504	(115)

2281	->
	3619	(21)
	3668	(22)
	3669	(14)

2282	->
	3466	(45)

2283	->
	3477	(14)

2284	->
	1494	(18)
	1499	(20)

2285	->
	2537	(18)
	2539	(62)
	2540	(39)

2286	->
	1261	(16)

2287	->
	3430	(21)

2288	->
	1240	(28)
	1245	(26)

2289	->
	3440	(94)

2290	->
	2446	(43)

2291	->
	2386	(118)

2292	->
	474	(13)
	475	(19)

2293	->
	3793	(20)

2294	->
	3547	(17)
	3549	(18)

2295	->
	915	(23)
	918	(25)

2296	->
	576	(51)

2297	->
	3455	(17)

2298	->
	256	(26)
	248	(36)

2299	->
	2866	(69)
	2867	(20)
	2825	(22)

2300	->
	623	(21)

2301	->
	2754	(48)

2302	->
	1627	(16)

2303	->
	2468	(16)

2304	->
	853	(18)
	855	(25)
	856	(53)

2305	->
	828	(20)
	829	(22)
	831	(18)

2306	->
	1623	(25)

2307	->
	2830	(15)
	2833	(38)

2308	->
	3121	(17)

2309	->
	3747	(28)
	3751	(16)

2310	->
	3319	(23)
	3329	(46)
	3332	(36)

2311	->
	192	(143)

2312	->
	3570	(40)

2313	->
	823	(19)
	827	(42)

2314	->
	3117	(130)

2315	->
	3741	(41)

2316	->
	1360	(100)

2317	->
	1111	(23)

2318	->
	323	(23)

2319	->
	1737	(35)
	1736	(26)

2320	->
	3128	(127)

2321	->
	2635	(21)
	2637	(21)

2322	->
	3135	(24)

2323	->
	1575	(26)
	1576	(44)

2324	->
	1224	(44)
	1232	(22)

2325	->
	522	(17)

2326	->
	3290	(17)

2327	->
	517	(37)

2328	->
	2155	(282)

2329	->
	373	(21)

2330	->
	1212	(67)

2331	->
	2912	(84)

2332	->
	481	(62)

2333	->
	2921	(63)

2334	->
	3319	(21)

2335	->
	1360	(33)

2336	->
	1822	(223)

2337	->
	2032	(78)

2338	->
	2020	(22)

2339	->
	2347	(17)
	2348	(19)

2340	->
	956	(206)
	968	(18)
	969	(150)

2341	->
	957	(57)
	899	(48)

2342	->
	800	(58)

2343	->
	2614	(14)

2344	->
	1384	(29)

2345	->
	498	(13)

2346	->
	1509	(18)

2347	->
	2228	(17)

2348	->
	343	(19)

2349	->
	702	(98)
	705	(22)
	706	(31)

2350	->
	604	(21)
	606	(50)

2351	->
	3362	(42)
	3369	(41)

2352	->
	1111	(79)

2353	->
	2201	(138)
	2207	(21)

2354	->
	714	(21)

2355	->
	3058	(177)
	3059	(44)

2356	->
	894	(18)

2357	->
	305	(25)

2358	->
	2018	(17)

2359	->
	3048	(24)

2360	->
	2965	(21)

2361	->
	736	(62)

2362	->
	2403	(40)

2363	->
	2827	(49)
	2852	(70)

2364	->
	1676	(68)
	1680	(27)

2365	->
	5	(48)

2366	->
	816	(37)

2367	->
	818	(18)

2368	->
	810	(224)

2369	->
	2098	(71)

2370	->
	261	(19)

2371	->
	919	(43)
	920	(19)

2372	->
	778	(173)

2373	->
	3048	(77)

2374	->
	1347	(35)

2375	->
	3317	(23)

2376	->
	1254	(23)

2377	->
	176	(23)

2378	->
	209	(127)

2379	->
	144	(183)

2380	->
	1503	(47)
	1504	(162)
	1505	(43)

2381	->
	1474	(19)

2382	->
	2037	(53)

2383	->
	1976	(79)

2384	->
	2321	(42)
	2324	(66)

2385	->
	2071	(109)
	2108	(39)

2386	->
	1266	(76)
	1274	(97)

2387	->
	3572	(24)
	3577	(29)

2388	->
	885	(44)

2389	->
	2714	(21)

2390	->
	2699	(48)

2391	->
	3415	(41)
	3416	(117)
	3411	(254)

2392	->
	2747	(20)

2393	->
	2891	(22)
	2893	(26)

2394	->
	2001	(18)

2395	->
	1047	(84)
	1053	(132)

2396	->
	2148	(88)
	2143	(58)

2397	->
	188	(65)

2398	->
	3666	(230)

2399	->
	1802	(35)

2400	->
	1812	(65)

2401	->
	2980	(19)

2402	->
	1982	(25)

2403	->
	2222	(40)
	2240	(20)

2404	->
	1060	(37)

2405	->
	2197	(43)

2406	->
	1921	(36)

2407	->
	3002	(25)
	3004	(21)

2408	->
	814	(139)

2409	->
	1649	(16)
	1646	(17)
	1648	(18)

2410	->
	2125	(31)

2411	->
	1845	(78)

2412	->
	1003	(13)

2413	->
	1143	(26)

2414	->
	70	(80)

2415	->
	2624	(25)
	2616	(57)

2416	->
	1882	(43)
	1883	(19)

2417	->
	3674	(170)

2418	->
	2387	(29)

2419	->
	2247	(198)

2420	->
	3667	(16)
	3653	(19)

2421	->
	3097	(40)

2422	->
	1430	(41)

2423	->
	813	(36)
	815	(22)
	841	(28)

2424	->
	2326	(17)
	2329	(28)

2425	->
	623	(37)

2426	->
	576	(19)

2427	->
	1491	(72)
	1493	(18)
	1496	(22)

2428	->
	3564	(24)

2429	->
	3472	(85)

2430	->
	341	(23)

2431	->
	772	(57)
	773	(41)
	774	(27)

2432	->
	3290	(32)

2433	->
	2281	(42)

2434	->
	2949	(24)

2435	->
	1538	(37)
	1526	(46)

2436	->
	3072	(24)
	3075	(17)
	3078	(17)

2437	->
	1978	(72)
	1985	(73)

2438	->
	2983	(126)

2439	->
	1462	(26)

2440	->
	494	(19)

2441	->
	2903	(22)

2442	->
	2913	(96)

2443	->
	1566	(18)

2444	->
	3207	(15)

2445	->
	2036	(27)

2446	->
	2428	(24)
	2429	(66)

2447	->
	2421	(16)

2448	->
	1955	(23)

2449	->
	564	(18)

2450	->
	1470	(29)

2451	->
	588	(127)
	593	(44)

2452	->
	3043	(25)

2453	->
	3756	(23)

2454	->
	1175	(39)

2455	->
	3146	(21)

2456	->
	3168	(43)

2457	->
	423	(82)

2458	->
	3167	(40)

2459	->
	2541	(43)

2460	->
	1650	(18)

2461	->
	120	(18)

2462	->
	1531	(28)
	1536	(37)

2463	->
	1630	(16)

2464	->
	1356	(43)
	1359	(20)

2465	->
	112	(21)

2466	->
	2505	(44)

2467	->
	1967	(21)

2468	->
	2003	(13)
	2004	(16)

2469	->
	3748	(26)

2470	->
	704	(30)

2471	->
	1430	(44)

2472	->
	1137	(20)

2473	->
	3779	(18)
	3778	(85)

2474	->
	1286	(159)
	1289	(20)
	1290	(28)

2475	->
	2994	(45)

2476	->
	3662	(36)

2477	->
	2031	(25)
	2033	(23)

2478	->
	36	(38)

2479	->
	1810	(22)

2480	->
	3293	(27)

2481	->
	1161	(18)
	1172	(16)

2482	->
	2243	(24)

2483	->
	2226	(18)
	2228	(84)
	2234	(25)

2484	->
	648	(42)
	649	(25)
	650	(74)

2485	->
	2478	(18)
	2482	(24)

2486	->
	564	(23)

2487	->
	2576	(38)

2488	->
	382	(261)

2489	->
	3622	(15)
	3625	(25)

2490	->
	2427	(112)
	2696	(102)

2491	->
	1772	(68)

2492	->
	1687	(101)
	1693	(76)

2493	->
	1675	(29)

2494	->
	2285	(99)
	2289	(94)

2495	->
	985	(42)

2496	->
	2876	(44)
	2877	(20)

2497	->
	3757	(79)

2498	->
	1563	(20)

2499	->
	2420	(15)

2500	->
	2214	(24)

2501	->
	3420	(23)

2502	->
	2728	(42)

2503	->
	1568	(205)

2504	->
	736	(41)

2505	->
	1884	(21)
	1885	(40)

2506	->
	1003	(25)

2507	->
	2174	(58)

2508	->
	70	(15)

2509	->
	2313	(62)
	2318	(23)

2510	->
	2698	(58)

2511	->
	1595	(22)
	1596	(22)

2512	->
	3563	(18)
	3565	(41)

2513	->
	2994	(185)

2514	->
	3655	(20)

2515	->
	613	(15)

2516	->
	105	(11)

2517	->
	304	(25)

2518	->
	336	(127)

2519	->
	646	(53)

2520	->
	156	(43)
	158	(41)

2521	->
	97	(21)

2522	->
	1220	(48)
	1216	(22)

2523	->
	1844	(58)
	1829	(19)
	1831	(18)

2524	->
	2397	(20)

2525	->
	120	(21)
	123	(25)

2526	->
	1283	(47)

2527	->
	310	(17)

2528	->
	741	(20)

2529	->
	1633	(17)
	1636	(28)

2530	->
	2284	(39)
	2287	(21)

2531	->
	1537	(78)
	1539	(51)

2532	->
	3257	(45)

2533	->
	1913	(26)
	1917	(17)

2534	->
	2932	(21)
	2887	(43)

2535	->
	2624	(63)
	2616	(71)

2536	->
	710	(21)

2537	->
	3439	(18)

2538	->
	748	(27)

2539	->
	2676	(62)

2540	->
	3412	(39)

2541	->
	2972	(23)
	2974	(44)

2542	->
	3666	(91)

2543	->
	1388	(39)
	1389	(29)

2544	->
	1370	(13)

2545	->
	2067	(17)
	2069	(76)

2546	->
	826	(26)

2547	->
	3026	(47)
	3025	(19)

2548	->
	1946	(29)
	1949	(20)

2549	->
	3165	(39)

2550	->
	1624	(27)
	1623	(19)

2551	->
	1691	(34)

2552	->
	2656	(27)

2553	->
	2496	(44)

2554	->
	277	(21)
	278	(21)
	270	(25)

2555	->
	3400	(13)

2556	->
	1022	(24)

2557	->
	849	(24)

2558	->
	2880	(92)
	2939	(22)

2559	->
	2264	(22)
	2268	(26)

2560	->
	468	(41)

2561	->
	3815	(25)

2562	->
	2248	(44)

2563	->
	63	(25)

2564	->
	3083	(44)
	3084	(20)

2565	->
	2307	(37)

2566	->
	3757	(124)

2567	->
	2575	(149)

2568	->
	17	(13)

2569	->
	2861	(22)

2570	->
	2548	(29)

2571	->
	2424	(28)

2572	->
	274	(65)

2573	->
	2591	(162)

2574	->
	3420	(80)

2575	->
	2890	(268)
	2883	(41)
	2885	(49)

2576	->
	1076	(32)
	1078	(62)

2577	->
	2459	(21)

2578	->
	799	(20)

2579	->
	1437	(67)

2580	->
	3095	(26)

2581	->
	1126	(38)

2582	->
	2775	(24)
	2587	(81)
	2596	(53)
	2598	(72)

2583	->
	1922	(75)
	1923	(33)

2584	->
	1404	(22)
	1406	(76)

2585	->
	2748	(18)

2586	->
	3692	(67)

2587	->
	547	(81)

2588	->
	3163	(23)
	3166	(46)

2589	->
	2773	(20)

2590	->
	2804	(22)

2591	->
	2320	(106)
	2088	(279)
	2322	(24)

2592	->
	3148	(18)

2593	->
	2791	(22)

2594	->
	862	(21)

2595	->
	3085	(24)

2596	->
	551	(53)

2597	->
	1514	(43)

2598	->
	527	(72)

2599	->
	1869	(77)
	1870	(14)
	1872	(78)

2600	->
	2084	(28)

2601	->
	1724	(53)

2602	->
	2417	(170)
	2419	(199)

2603	->
	1681	(120)

2604	->
	1733	(20)

2605	->
	3160	(57)

2606	->
	1983	(20)

2607	->
	2278	(75)
	2279	(65)

2608	->
	2056	(17)

2609	->
	3217	(19)

2610	->
	1284	(19)

2611	->
	2672	(24)
	2675	(37)

2612	->
	1927	(100)

2613	->
	3756	(24)

2614	->
	676	(27)
	681	(62)

2615	->
	744	(118)

2616	->
	2926	(127)

2617	->
	1069	(55)

2618	->
	1059	(205)

2619	->
	2828	(23)
	2832	(59)

2620	->
	530	(45)

2621	->
	2150	(49)

2622	->
	2000	(25)
	1988	(21)

2623	->
	1125	(226)
	1120	(319)
	1123	(24)

2624	->
	381	(25)
	383	(25)
	386	(38)

2625	->
	727	(74)
	729	(47)
	730	(61)

2626	->
	3343	(22)
	3353	(70)

2627	->
	176	(41)

2628	->
	209	(316)

2629	->
	144	(268)

2630	->
	950	(94)
	955	(14)

2631	->
	4	(48)
	6	(45)

2632	->
	2653	(17)

2633	->
	3801	(167)

2634	->
	430	(148)
	432	(20)
	433	(125)

2635	->
	996	(21)

2636	->
	3320	(202)
	3322	(271)

2637	->
	2841	(21)

2638	->
	1982	(36)

2639	->
	1880	(44)

2640	->
	3704	(40)
	3705	(18)

2641	->
	3077	(17)

2642	->
	1168	(26)

2643	->
	1176	(39)

2644	->
	1271	(90)

2645	->
	2043	(248)
	2055	(321)
	2057	(219)

2646	->
	785	(23)

2647	->
	141	(69)
	136	(37)

2648	->
	1398	(204)

2649	->
	2891	(42)
	2893	(65)
	2895	(20)

2650	->
	1273	(16)

2651	->
	2771	(85)
	2772	(22)
	2774	(44)

2652	->
	1759	(17)
	1764	(18)

2653	->
	3491	(171)

2654	->
	1895	(305)
	1897	(47)
	1900	(291)

2655	->
	3371	(21)
	3372	(20)
	3373	(36)

2656	->
	2280	(42)
	2282	(27)

2657	->
	2411	(78)
	2413	(26)
	2410	(31)

2658	->
	1029	(89)
	1030	(43)
	1031	(78)

2659	->
	1010	(61)

2660	->
	1310	(25)

2661	->
	1296	(25)

2662	->
	1474	(109)

2663	->
	1115	(15)

2664	->
	1908	(21)

2665	->
	3183	(45)

2666	->
	1141	(98)

2667	->
	3671	(21)
	3672	(47)
	3673	(50)

2668	->
	978	(15)

2669	->
	261	(22)

2670	->
	3391	(25)

2671	->
	2186	(18)

2672	->
	1080	(24)

2673	->
	3469	(162)

2674	->
	2708	(20)

2675	->
	1040	(37)

2676	->
	2782	(40)
	2785	(61)

2677	->
	671	(49)

2678	->
	3574	(48)
	3578	(47)

2679	->
	183	(34)

2680	->
	701	(177)

2681	->
	614	(17)
	617	(27)

2682	->
	1939	(71)

2683	->
	1516	(18)
	1518	(44)
	1520	(74)

2684	->
	239	(41)

2685	->
	3561	(20)
	3563	(21)
	3565	(21)

2686	->
	898	(18)

2687	->
	2311	(28)

2688	->
	2860	(70)

2689	->
	3745	(29)

2690	->
	2479	(22)
	2476	(36)

2691	->
	674	(63)

2692	->
	2702	(101)

2693	->
	2975	(25)

2694	->
	367	(25)

2695	->
	249	(279)

2696	->
	3809	(20)
	3811	(22)
	3814	(60)

2697	->
	3296	(23)
	3298	(30)

2698	->
	2133	(44)
	2140	(31)

2699	->
	2552	(27)
	2559	(48)

2700	->
	3068	(18)

2701	->
	3410	(41)

2702	->
	1757	(61)
	1761	(18)
	1756	(60)

2703	->
	3098	(135)

2704	->
	2739	(130)
	2721	(24)

2705	->
	1828	(162)

2706	->
	2109	(57)

2707	->
	2115	(36)

2708	->
	3283	(20)
	2818	(48)

2709	->
	665	(20)

2710	->
	656	(45)
	657	(46)

2711	->
	528	(55)

2712	->
	904	(25)

2713	->
	1344	(22)

2714	->
	1453	(16)
	1456	(60)

2715	->
	2849	(200)
	2842	(132)
	2845	(19)

2716	->
	3788	(27)

2717	->
	2119	(17)

2718	->
	308	(87)

2719	->
	103	(48)

2720	->
	113	(112)

2721	->
	2901	(46)

2722	->
	1267	(18)
	1281	(65)

2723	->
	2491	(52)

2724	->
	3768	(17)
	3771	(17)

2725	->
	2437	(38)

2726	->
	2380	(118)

2727	->
	1481	(24)
	1488	(37)

2728	->
	3356	(67)
	3354	(18)

2729	->
	3140	(43)
	3141	(68)

2730	->
	2655	(41)

2731	->
	454	(76)
	428	(44)

2732	->
	2841	(113)

2733	->
	2901	(204)

2734	->
	862	(18)

2735	->
	1067	(17)

2736	->
	1299	(18)
	1305	(22)

2737	->
	2918	(24)

2738	->
	2933	(20)

2739	->
	0	(61)
	1	(46)
	3	(63)

2740	->
	2892	(13)

2741	->
	446	(26)

2742	->
	79	(23)
	73	(43)

2743	->
	1979	(21)
	1981	(18)

2744	->
	1589	(17)
	1591	(39)

2745	->
	3238	(65)
	3241	(87)

2746	->
	1678	(48)
	1710	(22)
	1679	(20)

2747	->
	2752	(85)

2748	->
	1798	(22)
	1799	(26)
	1773	(34)

2749	->
	3232	(20)

2750	->
	3195	(17)

2751	->
	3091	(15)

2752	->
	3193	(58)
	3194	(42)

2753	->
	875	(45)
	876	(18)
	873	(21)

2754	->
	398	(21)
	399	(21)
	400	(27)

2755	->
	832	(69)

2756	->
	2798	(24)
	2803	(17)

2757	->
	1711	(227)

2758	->
	1696	(80)

2759	->
	559	(39)

2760	->
	1612	(248)

2761	->
	1045	(130)

2762	->
	453	(74)

2763	->
	3617	(49)

2764	->
	2795	(20)
	2542	(67)
	2802	(35)

2765	->
	1215	(22)

2766	->
	3378	(66)

2767	->
	3328	(21)

2768	->
	2870	(40)
	2871	(63)
	2873	(60)

2769	->
	439	(12)
	447	(15)

2770	->
	3316	(25)

2771	->
	3772	(85)

2772	->
	1509	(22)

2773	->
	2755	(20)
	2756	(24)

2774	->
	2333	(44)

2775	->
	445	(15)

2776	->
	2250	(19)

2777	->
	380	(27)

2778	->
	1541	(150)

2779	->
	3176	(287)

2780	->
	1025	(22)

2781	->
	1768	(18)

2782	->
	511	(40)

2783	->
	3615	(43)
	3616	(136)

2784	->
	586	(36)
	589	(21)
	599	(47)

2785	->
	1635	(61)

2786	->
	1656	(44)

2787	->
	3341	(46)
	3346	(83)
	3347	(232)

2788	->
	1179	(18)

2789	->
	959	(39)
	962	(15)

2790	->
	1221	(38)

2791	->
	2713	(22)
	2712	(25)

2792	->
	1294	(18)
	1297	(45)

2793	->
	3446	(232)

2794	->
	2512	(42)

2795	->
	1908	(20)

2796	->
	799	(40)

2797	->
	3093	(39)
	3095	(17)
	3096	(18)

2798	->
	666	(24)

2799	->
	3021	(18)

2800	->
	1514	(87)

2801	->
	613	(24)

2802	->
	2576	(56)

2803	->
	3495	(17)

2804	->
	2081	(48)

2805	->
	2195	(20)

2806	->
	1865	(18)

2807	->
	728	(40)

2808	->
	349	(146)
	351	(18)
	352	(83)

2809	->
	1064	(20)

2810	->
	2662	(109)
	2664	(21)

2811	->
	528	(25)

2812	->
	2084	(44)

2813	->
	3365	(63)

2814	->
	1457	(44)
	2185	(16)

2815	->
	3085	(11)

2816	->
	665	(20)

2817	->
	3418	(32)

2818	->
	492	(47)

2819	->
	1455	(25)

2820	->
	1671	(79)

2821	->
	2867	(20)
	2825	(115)

2822	->
	3125	(59)

2823	->
	2149	(85)
	2145	(87)

2824	->
	1435	(18)
	1436	(18)

2825	->
	3801	(137)

2826	->
	1969	(30)

2827	->
	353	(103)

2828	->
	1227	(37)

2829	->
	91	(42)

2830	->
	193	(15)

2831	->
	65	(65)

2832	->
	1238	(83)

2833	->
	3206	(38)

2834	->
	3057	(61)

2835	->
	2190	(20)

2836	->
	2546	(26)
	2547	(66)

2837	->
	825	(54)

2838	->
	3033	(24)

2839	->
	186	(50)

2840	->
	1106	(16)

2841	->
	3397	(83)
	3408	(25)
	3409	(26)

2842	->
	189	(132)

2843	->
	3359	(178)

2844	->
	2584	(60)

2845	->
	180	(19)

2846	->
	2627	(41)
	2628	(296)
	2629	(164)

2847	->
	1533	(16)

2848	->
	2168	(18)
	2171	(40)
	2164	(21)

2849	->
	204	(200)

2850	->
	3342	(103)

2851	->
	169	(193)
	172	(144)
	174	(50)

2852	->
	2982	(60)
	2976	(48)
	2981	(25)

2853	->
	1050	(21)
	1053	(50)

2854	->
	1348	(73)

2855	->
	473	(30)

2856	->
	2783	(18)

2857	->
	3155	(38)

2858	->
	75	(260)
	76	(192)
	77	(81)

2859	->
	215	(25)

2860	->
	542	(73)
	544	(67)
	546	(93)

2861	->
	2762	(74)
	2765	(22)

2862	->
	675	(24)

2863	->
	1311	(21)
	1315	(23)

2864	->
	1242	(73)
	1247	(15)

2865	->
	3220	(147)

2866	->
	44	(48)
	9	(21)

2867	->
	782	(40)

2868	->
	2154	(150)
	2156	(39)
	2157	(108)

2869	->
	655	(48)
	658	(15)

2870	->
	2353	(40)

2871	->
	1097	(63)

2872	->
	664	(40)

2873	->
	1038	(60)

2874	->
	3090	(19)

2875	->
	1506	(21)
	1321	(77)

2876	->
	265	(44)

2877	->
	2327	(20)

2878	->
	2013	(20)

2879	->
	1173	(340)
	1182	(296)
	1183	(100)

2880	->
	1309	(92)

2881	->
	2599	(52)

2882	->
	1326	(17)
	1328	(15)

2883	->
	328	(41)

2884	->
	2746	(44)

2885	->
	1785	(15)
	1774	(34)

2886	->
	1892	(87)

2887	->
	1287	(43)

2888	->
	1107	(24)

2889	->
	2583	(75)

2890	->
	874	(268)

2891	->
	3086	(26)
	3087	(16)
	3088	(22)

2892	->
	973	(233)

2893	->
	1961	(91)

2894	->
	2314	(66)

2895	->
	961	(20)

2896	->
	2693	(25)
	2694	(25)

2897	->
	3818	(16)

2898	->
	3098	(60)

2899	->
	1832	(23)

2900	->
	3068	(53)

2901	->
	1697	(251)

2902	->
	2979	(16)

2903	->
	3249	(18)
	3251	(38)
	3253	(27)

2904	->
	2432	(17)

2905	->
	81	(37)
	82	(18)
	80	(21)

2906	->
	2146	(18)

2907	->
	307	(108)

2908	->
	1264	(74)
	1265	(21)

2909	->
	2082	(25)

2910	->
	662	(68)
	660	(27)

2911	->
	57	(103)

2912	->
	1992	(61)
	1994	(15)
	1995	(23)

2913	->
	2898	(60)
	2900	(53)

2914	->
	1568	(65)

2915	->
	575	(25)

2916	->
	652	(44)

2917	->
	90	(870)

2918	->
	2421	(24)
	2418	(29)

2919	->
	790	(21)

2920	->
	3089	(26)

2921	->
	132	(58)
	138	(86)

2922	->
	1859	(43)
	1856	(20)

2923	->
	3785	(22)
	3786	(146)
	3787	(330)

2924	->
	2648	(204)
	2650	(19)

2925	->
	3652	(38)

2926	->
	3404	(81)
	3407	(67)

2927	->
	757	(25)

2928	->
	1530	(25)

2929	->
	3476	(68)

2930	->
	2111	(19)
	2112	(18)
	2114	(76)

2931	->
	734	(255)

2932	->
	1241	(21)

2933	->
	2330	(67)
	2331	(84)

2934	->
	2680	(52)
	2695	(90)

2935	->
	1951	(23)
	1952	(34)

2936	->
	1396	(35)
	1408	(24)
	1409	(46)

2937	->
	677	(164)
	679	(114)
	682	(44)

2938	->
	3590	(17)
	3601	(15)

2939	->
	3247	(22)

2940	->
	1977	(76)

2941	->
	1858	(35)

2942	->
	36	(21)

2943	->
	1723	(16)
	1720	(24)
	1721	(41)

2944	->
	2663	(15)
	2666	(59)

2945	->
	2449	(18)
	2440	(19)

2946	->
	1381	(52)
	1387	(17)

2947	->
	3179	(45)

2948	->
	2725	(38)
	2723	(52)

2949	->
	2610	(19)
	2613	(24)

2950	->
	3742	(21)
	3746	(22)
	3752	(75)

2951	->
	189	(147)

2952	->
	3760	(174)

2953	->
	750	(97)
	751	(18)

2954	->
	420	(26)

2955	->
	122	(392)

2956	->
	2655	(36)

2957	->
	3762	(21)
	3766	(163)
	3769	(124)

2958	->
	1910	(44)
	1911	(36)
	1915	(15)

2959	->
	204	(44)

2960	->
	3442	(43)

2961	->
	1791	(14)
	1793	(18)

2962	->
	180	(23)

2963	->
	188	(16)

2964	->
	2659	(61)
	2660	(25)
	2661	(25)

2965	->
	1535	(42)

2966	->
	1980	(94)

2967	->
	3060	(19)

2968	->
	89	(59)

2969	->
	61	(216)

2970	->
	3511	(12)
	3507	(24)

2971	->
	931	(19)

2972	->
	3133	(23)

2973	->
	2337	(78)
	2338	(22)
	2336	(223)

2974	->
	2986	(43)

2975	->
	1741	(46)
	1745	(39)

2976	->
	170	(23)
	177	(25)

2977	->
	1554	(40)
	1565	(18)

2978	->
	3222	(46)
	3224	(41)
	3226	(24)

2979	->
	3449	(22)
	3451	(16)

2980	->
	2524	(19)
	2521	(21)

2981	->
	1601	(98)

2982	->
	2492	(114)

2983	->
	2041	(177)

2984	->
	375	(80)
	377	(26)
	378	(35)

2985	->
	2488	(156)

2986	->
	2510	(19)
	2511	(43)

2987	->
	732	(21)

2988	->
	1139	(23)
	1121	(20)

2989	->
	2981	(13)

2990	->
	3005	(17)

2991	->
	2471	(22)
	2475	(45)

2992	->
	2924	(122)
	2927	(25)
	2929	(68)

2993	->
	3644	(24)

2994	->
	3465	(231)

2995	->
	1392	(30)
	1393	(63)

2996	->
	2247	(135)

2997	->
	2251	(16)

2998	->
	2640	(42)

2999	->
	2131	(41)

3000	->
	3686	(21)

3001	->
	2920	(26)
	2922	(63)
	2919	(21)

3002	->
	1465	(25)

3003	->
	1542	(124)

3004	->
	1672	(21)

3005	->
	413	(21)
	415	(17)

3006	->
	1426	(53)

3007	->
	1298	(18)

3008	->
	3584	(39)

3009	->
	2436	(58)
	2438	(47)
	2451	(128)

3010	->
	2360	(20)
	2362	(40)

3011	->
	1340	(19)

3012	->
	1235	(57)

3013	->
	880	(22)

3014	->
	139	(22)
	140	(24)
	137	(72)

3015	->
	858	(39)

3016	->
	3259	(22)
	3260	(71)

3017	->
	1784	(125)

3018	->
	746	(51)

3019	->
	1342	(21)

3020	->
	62	(29)
	60	(21)

3021	->
	47	(18)
	48	(15)

3022	->
	1881	(14)

3023	->
	1034	(25)
	2030	(17)

3024	->
	2241	(32)

3025	->
	3162	(19)

3026	->
	3136	(45)
	3143	(22)

3027	->
	2881	(34)

3028	->
	3172	(96)

3029	->
	2903	(61)

3030	->
	3074	(41)

3031	->
	2556	(24)
	2561	(26)

3032	->
	2935	(36)

3033	->
	3555	(40)

3034	->
	3521	(41)

3035	->
	3506	(22)
	3496	(17)

3036	->
	3471	(23)
	3467	(80)

3037	->
	2161	(17)

3038	->
	2577	(21)
	2579	(44)
	2582	(64)

3039	->
	2245	(37)
	2246	(23)

3040	->
	3130	(23)

3041	->
	1547	(87)
	1551	(17)

3042	->
	1926	(36)
	1924	(13)

3043	->
	1138	(28)
	1104	(25)

3044	->
	795	(15)

3045	->
	656	(44)
	657	(24)
	659	(87)

3046	->
	923	(15)

3047	->
	1820	(18)
	1821	(15)
	1823	(44)

3048	->
	977	(34)
	978	(67)

3049	->
	782	(43)

3050	->
	3485	(28)
	3486	(35)
	3488	(44)

3051	->
	44	(65)
	9	(116)

3052	->
	1451	(19)

3053	->
	2829	(42)
	2831	(65)

3054	->
	225	(38)
	227	(16)
	229	(67)

3055	->
	3520	(28)
	3518	(60)

3056	->
	2633	(145)

3057	->
	1909	(61)
	1894	(11)

3058	->
	2340	(178)

3059	->
	1817	(44)

3060	->
	1523	(19)
	1525	(17)

3061	->
	3815	(186)

3062	->
	2340	(196)

3063	->
	2433	(42)
	2434	(24)
	2435	(84)

3064	->
	793	(50)
	807	(20)
	792	(25)

3065	->
	2757	(49)
	2760	(44)

3066	->
	3197	(35)

3067	->
	308	(96)

3068	->
	3160	(71)

3069	->
	147	(61)

3070	->
	3156	(43)
	3161	(12)

3071	->
	1490	(18)

3072	->
	474	(25)

3073	->
	3045	(41)

3074	->
	3073	(41)
	3076	(46)
	3079	(19)

3075	->
	2339	(17)

3076	->
	258	(46)

3077	->
	3422	(57)

3078	->
	620	(17)
	621	(21)

3079	->
	203	(19)

3080	->
	880	(192)

3081	->
	96	(47)

3082	->
	858	(180)

3083	->
	427	(44)

3084	->
	2784	(19)

3085	->
	3069	(24)
	3070	(11)

3086	->
	2960	(26)

3087	->
	2535	(16)

3088	->
	2991	(46)

3089	->
	1434	(26)
	1433	(25)

3090	->
	3730	(39)

3091	->
	1422	(15)
	1423	(19)

3092	->
	3617	(162)
	3621	(13)

3093	->
	710	(39)

3094	->
	3429	(52)

3095	->
	748	(43)

3096	->
	2208	(18)

3097	->
	28	(66)

3098	->
	2111	(16)
	2112	(76)
	2114	(103)

3099	->
	3001	(90)

3100	->
	1860	(20)

3101	->
	2273	(48)
	2274	(24)

3102	->
	554	(27)

3103	->
	1588	(260)

3104	->
	1570	(226)

3105	->
	1555	(65)

3106	->
	3437	(45)

3107	->
	3454	(22)

3108	->
	312	(45)

3109	->
	499	(16)

3110	->
	2175	(19)
	2179	(39)

3111	->
	116	(26)

3112	->
	2431	(106)

3113	->
	2054	(27)

3114	->
	2943	(44)

3115	->
	832	(17)

3116	->
	379	(27)

3117	->
	691	(148)
	673	(21)

3118	->
	3149	(71)

3119	->
	2956	(22)

3120	->
	1615	(24)

3121	->
	2946	(32)

3122	->
	394	(62)

3123	->
	3220	(22)

3124	->
	3041	(64)

3125	->
	1746	(16)
	1751	(15)
	1752	(67)

3126	->
	2474	(35)

3127	->
	50	(204)
	52	(19)

3128	->
	630	(38)
	631	(113)
	639	(67)

3129	->
	857	(27)

3130	->
	1602	(23)
	1604	(21)

3131	->
	907	(22)
	908	(34)
	910	(50)

3132	->
	2461	(18)
	2480	(27)

3133	->
	1658	(12)
	1661	(45)

3134	->
	840	(17)

3135	->
	1603	(97)

3136	->
	1277	(45)

3137	->
	1460	(39)

3138	->
	2736	(22)

3139	->
	1468	(52)

3140	->
	904	(43)

3141	->
	1375	(48)
	1344	(21)

3142	->
	1198	(43)

3143	->
	3701	(22)

3144	->
	2397	(45)

3145	->
	2424	(17)

3146	->
	2808	(64)

3147	->
	2468	(13)

3148	->
	1847	(18)
	1848	(51)

3149	->
	3397	(74)
	3408	(16)
	3409	(43)

3150	->
	3722	(37)
	3723	(57)
	3724	(76)

3151	->
	509	(58)
	510	(29)

3152	->
	1215	(61)

3153	->
	2227	(30)

3154	->
	3286	(16)
	3287	(49)
	3288	(40)

3155	->
	557	(20)
	540	(62)

3156	->
	1063	(43)
	1065	(18)

3157	->
	1280	(109)

3158	->
	157	(43)

3159	->
	2766	(51)
	2767	(21)
	2770	(25)

3160	->
	3238	(68)
	3240	(21)
	3241	(39)

3161	->
	1156	(80)
	1157	(22)

3162	->
	1189	(22)
	1193	(19)

3163	->
	2134	(67)

3164	->
	3729	(155)
	3804	(21)
	3805	(276)

3165	->
	1158	(16)
	1152	(23)
	1153	(20)

3166	->
	2220	(46)

3167	->
	66	(107)
	67	(22)
	68	(73)

3168	->
	3355	(89)

3169	->
	2761	(80)

3170	->
	5	(62)

3171	->
	2564	(19)

3172	->
	2382	(53)
	2383	(79)

3173	->
	602	(41)

3174	->
	1867	(15)

3175	->
	3551	(39)
	3553	(23)

3176	->
	3326	(144)
	3327	(76)
	3331	(180)

3177	->
	541	(60)
	543	(53)
	553	(15)

3178	->
	1699	(22)
	1705	(25)

3179	->
	2498	(20)
	2506	(25)
	2508	(16)

3180	->
	777	(24)
	787	(21)

3181	->
	3821	(65)
	3819	(19)

3182	->
	582	(22)

3183	->
	694	(93)

3184	->
	1792	(65)

3185	->
	1842	(42)

3186	->
	3647	(39)

3187	->
	2301	(21)

3188	->
	1210	(66)
	1211	(27)

3189	->
	2938	(17)

3190	->
	2281	(14)

3191	->
	1616	(25)
	1620	(25)

3192	->
	2727	(42)

3193	->
	868	(80)

3194	->
	819	(42)

3195	->
	830	(36)
	812	(20)

3196	->
	895	(18)
	896	(90)

3197	->
	2813	(37)
	2817	(32)

3198	->
	1938	(16)

3199	->
	3727	(12)
	3730	(40)

3200	->
	794	(16)
	791	(34)

3201	->
	871	(20)

3202	->
	2415	(65)

3203	->
	2947	(25)

3204	->
	563	(65)
	577	(14)
	578	(21)

3205	->
	3294	(13)

3206	->
	2229	(19)
	2230	(115)
	2232	(18)

3207	->
	2963	(16)
	2961	(33)

3208	->
	388	(85)
	408	(19)

3209	->
	3180	(24)
	3182	(22)
	3178	(46)

3210	->
	619	(63)

3211	->
	3154	(16)

3212	->
	3014	(46)
	3017	(26)

3213	->
	512	(52)
	513	(27)
	515	(52)

3214	->
	3749	(22)

3215	->
	1993	(55)

3216	->
	1071	(20)

3217	->
	847	(63)

3218	->
	2082	(17)

3219	->
	1545	(69)
	1546	(32)

3220	->
	2155	(169)

3221	->
	358	(25)

3222	->
	1184	(86)
	1194	(25)

3223	->
	223	(36)
	246	(29)

3224	->
	64	(60)

3225	->
	2554	(25)

3226	->
	3117	(39)

3227	->
	906	(37)

3228	->
	1543	(14)

3229	->
	2656	(42)

3230	->
	1465	(19)

3231	->
	3188	(50)

3232	->
	2619	(43)

3233	->
	2277	(25)
	2280	(72)
	2282	(18)

3234	->
	3562	(24)
	3566	(14)

3235	->
	817	(19)
	820	(39)
	821	(23)

3236	->
	1869	(19)
	1870	(23)
	1872	(39)

3237	->
	1523	(63)
	1525	(65)

3238	->
	579	(133)

3239	->
	2491	(16)

3240	->
	3544	(21)

3241	->
	3773	(42)
	3774	(43)
	3775	(40)

3242	->
	2704	(21)

3243	->
	337	(23)
	348	(13)

3244	->
	249	(252)

3245	->
	20	(23)

3246	->
	2437	(107)

3247	->
	2718	(42)
	2741	(26)

3248	->
	701	(192)

3249	->
	840	(18)

3250	->
	1361	(270)

3251	->
	1564	(16)
	1567	(22)

3252	->
	211	(77)
	212	(61)

3253	->
	310	(27)

3254	->
	1391	(46)

3255	->
	1395	(151)

3256	->
	653	(18)

3257	->
	697	(59)

3258	->
	3431	(28)

3259	->
	1833	(22)

3260	->
	1814	(71)

3261	->
	334	(26)

3262	->
	1402	(42)

3263	->
	2182	(25)
	2183	(79)

3264	->
	2310	(105)
	2316	(40)

3265	->
	1178	(102)

3266	->
	556	(21)
	558	(26)

3267	->
	3208	(71)

3268	->
	3450	(48)

3269	->
	247	(26)

3270	->
	1507	(238)

3271	->
	1411	(40)
	1412	(45)

3272	->
	3134	(17)
	3145	(17)
	3147	(13)

3273	->
	3405	(19)
	3406	(43)

3274	->
	147	(171)

3275	->
	2205	(35)
	2206	(37)

3276	->
	934	(30)

3277	->
	3156	(18)
	3158	(43)
	3161	(90)

3278	->
	2309	(44)
	2315	(41)
	2325	(15)

3279	->
	1486	(20)

3280	->
	3641	(48)

3281	->
	949	(32)

3282	->
	1119	(23)

3283	->
	1636	(20)

3284	->
	1472	(57)

3285	->
	3157	(41)
	3159	(37)

3286	->
	1603	(38)

3287	->
	3696	(49)

3288	->
	3729	(61)
	3804	(20)

3289	->
	1429	(112)

3290	->
	3037	(17)
	3024	(32)

3291	->
	1010	(27)

3292	->
	3285	(35)
	3289	(59)

3293	->
	3637	(51)
	3607	(27)

3294	->
	1310	(34)

3295	->
	1296	(38)

3296	->
	1578	(40)
	1581	(17)

3297	->
	1972	(18)
	1975	(26)

3298	->
	3555	(29)

3299	->
	2473	(31)

3300	->
	1512	(14)

3301	->
	1101	(17)

3302	->
	460	(24)

3303	->
	1058	(74)

3304	->
	1055	(23)
	1056	(21)

3305	->
	1553	(240)

3306	->
	2987	(21)
	2990	(17)

3307	->
	3435	(97)

3308	->
	1573	(75)

3309	->
	1569	(108)

3310	->
	921	(20)
	925	(36)

3311	->
	418	(193)

3312	->
	387	(22)

3313	->
	2536	(21)
	2538	(27)

3314	->
	3183	(48)

3315	->
	3385	(83)

3316	->
	2811	(25)
	2816	(20)

3317	->
	2952	(50)
	2953	(23)

3318	->
	976	(22)
	977	(15)
	978	(21)

3319	->
	2534	(44)

3320	->
	1097	(235)

3321	->
	3149	(62)

3322	->
	1038	(327)

3323	->
	2956	(14)

3324	->
	1660	(143)
	1665	(97)
	1666	(12)

3325	->
	2946	(37)

3326	->
	2868	(144)

3327	->
	2875	(76)

3328	->
	2530	(42)

3329	->
	2457	(46)

3330	->
	300	(335)

3331	->
	2846	(180)

3332	->
	3216	(20)
	3219	(16)

3333	->
	2875	(22)

3334	->
	3202	(43)

3335	->
	2868	(153)

3336	->
	2244	(36)
	2249	(11)

3337	->
	1507	(57)

3338	->
	2846	(321)

3339	->
	192	(19)

3340	->
	2485	(42)
	2486	(26)

3341	->
	273	(29)
	276	(17)

3342	->
	877	(115)
	718	(87)
	720	(39)

3343	->
	45	(22)

3344	->
	1954	(19)

3345	->
	2454	(18)

3346	->
	40	(83)

3347	->
	3324	(232)

3348	->
	722	(61)
	723	(28)

3349	->
	92	(17)

3350	->
	574	(16)

3351	->
	2489	(25)

3352	->
	2607	(116)

3353	->
	2936	(70)

3354	->
	1671	(18)

3355	->
	2314	(64)
	2319	(46)

3356	->
	2405	(43)
	2407	(46)

3357	->
	3199	(39)

3358	->
	1545	(18)

3359	->
	1889	(248)
	1890	(22)
	1903	(125)

3360	->
	3375	(70)
	3379	(20)
	3381	(20)

3361	->
	221	(25)

3362	->
	301	(42)

3363	->
	1442	(21)

3364	->
	3273	(45)

3365	->
	1421	(80)
	1427	(26)

3366	->
	3291	(27)
	3294	(21)
	3295	(38)

3367	->
	2947	(20)

3368	->
	1993	(47)

3369	->
	3366	(43)
	3367	(20)
	3368	(21)

3370	->
	2216	(16)
	2213	(73)

3371	->
	2977	(21)

3372	->
	3495	(20)

3373	->
	3204	(35)

3374	->
	2768	(129)

3375	->
	2944	(16)
	2950	(54)

3376	->
	3538	(117)

3377	->
	1597	(22)

3378	->
	2023	(31)
	2024	(16)
	2027	(35)

3379	->
	1812	(20)

3380	->
	3492	(233)

3381	->
	1802	(20)

3382	->
	1455	(21)

3383	->
	1098	(20)
	1100	(44)
	1102	(23)

3384	->
	891	(56)

3385	->
	480	(64)
	482	(44)

3386	->
	2984	(31)

3387	->
	3270	(197)
	3271	(40)
	3272	(48)

3388	->
	489	(43)

3389	->
	3581	(15)
	3583	(25)

3390	->
	3767	(44)
	3770	(81)

3391	->
	988	(16)
	992	(25)

3392	->
	101	(17)

3393	->
	2341	(87)

3394	->
	1368	(18)

3395	->
	2685	(21)

3396	->
	241	(64)

3397	->
	2625	(157)

3398	->
	210	(22)

3399	->
	632	(19)
	640	(19)

3400	->
	458	(13)
	459	(18)

3401	->
	2751	(14)
	2753	(45)

3402	->
	186	(65)

3403	->
	2058	(17)

3404	->
	75	(67)
	76	(94)

3405	->
	456	(19)

3406	->
	253	(17)
	254	(25)

3407	->
	1320	(43)
	1323	(24)
	1324	(18)

3408	->
	518	(41)

3409	->
	32	(26)
	34	(22)
	35	(21)

3410	->
	998	(44)
	1004	(14)
	1005	(20)

3411	->
	122	(254)

3412	->
	1643	(20)
	1652	(41)
	1655	(21)

3413	->
	3686	(150)

3414	->
	3745	(41)

3415	->
	89	(41)

3416	->
	61	(117)

3417	->
	2702	(38)

3418	->
	1260	(57)
	1262	(16)

3419	->
	2290	(23)
	2288	(26)

3420	->
	1443	(62)
	1452	(41)

3421	->
	300	(180)

3422	->
	2657	(83)

3423	->
	3802	(19)

3424	->
	418	(157)

3425	->
	3348	(14)
	3349	(17)
	3352	(75)

3426	->
	387	(17)

3427	->
	524	(20)
	525	(39)
	526	(22)

3428	->
	994	(65)
	995	(36)

3429	->
	1256	(17)
	1259	(53)

3430	->
	1192	(58)
	1197	(21)

3431	->
	305	(52)

3432	->
	1811	(114)
	1804	(97)
	1805	(61)

3433	->
	1939	(51)

3434	->
	2633	(22)

3435	->
	47	(68)
	48	(49)

3436	->
	2447	(16)
	2450	(29)
	2439	(26)

3437	->
	671	(89)

3438	->
	3124	(47)

3439	->
	789	(22)
	805	(19)
	809	(18)

3440	->
	2442	(96)
	2444	(16)

3441	->
	2787	(117)

3442	->
	3196	(61)

3443	->
	2923	(209)

3444	->
	627	(25)
	629	(18)

3445	->
	2736	(18)

3446	->
	1895	(277)
	1897	(72)
	1900	(202)

3447	->
	2464	(39)

3448	->
	1673	(27)
	1669	(18)

3449	->
	442	(22)

3450	->
	847	(32)
	846	(43)

3451	->
	500	(16)

3452	->
	838	(20)
	839	(25)

3453	->
	885	(28)

3454	->
	3734	(37)

3455	->
	1943	(20)
	1947	(17)

3456	->
	417	(42)

3457	->
	492	(37)

3458	->
	3452	(20)

3459	->
	1319	(21)

3460	->
	1873	(21)

3461	->
	195	(23)
	196	(23)

3462	->
	894	(39)

3463	->
	3063	(68)

3464	->
	1522	(52)

3465	->
	1953	(118)
	1956	(57)
	1957	(235)

3466	->
	1732	(27)
	1735	(33)

3467	->
	1429	(97)

3468	->
	1502	(25)

3469	->
	269	(222)

3470	->
	296	(16)
	354	(20)

3471	->
	2054	(23)

3472	->
	3816	(84)
	3817	(20)
	3824	(66)

3473	->
	385	(22)

3474	->
	497	(23)

3475	->
	1478	(19)
	1480	(79)
	1483	(70)

3476	->
	1582	(85)

3477	->
	1394	(231)

3478	->
	3743	(62)
	3753	(25)

3479	->
	2823	(111)

3480	->
	784	(18)
	628	(21)
	624	(27)

3481	->
	2406	(19)
	2404	(37)

3482	->
	2948	(61)

3483	->
	1151	(69)

3484	->
	1034	(17)

3485	->
	1733	(28)

3486	->
	1724	(35)

3487	->
	2233	(25)

3488	->
	1681	(44)

3489	->
	2191	(15)

3490	->
	1234	(148)

3491	->
	567	(165)
	568	(68)
	571	(182)

3492	->
	2634	(271)

3493	->
	1494	(61)
	1497	(17)
	1499	(23)

3494	->
	612	(130)

3495	->
	2749	(20)
	2750	(17)

3496	->
	2794	(18)

3497	->
	3132	(18)

3498	->
	715	(12)
	713	(26)

3499	->
	1080	(37)

3500	->
	1040	(22)

3501	->
	391	(27)

3502	->
	2658	(149)

3503	->
	328	(18)

3504	->
	3110	(58)
	3112	(106)

3505	->
	1124	(26)
	912	(18)

3506	->
	1245	(17)

3507	->
	3693	(24)

3508	->
	2649	(26)

3509	->
	3430	(58)

3510	->
	1785	(20)
	1774	(55)

3511	->
	3498	(12)

3512	->
	1675	(20)

3513	->
	644	(32)

3514	->
	2036	(18)
	2050	(21)

3515	->
	205	(19)
	206	(48)

3516	->
	3702	(45)

3517	->
	521	(17)

3518	->
	382	(148)

3519	->
	2938	(15)

3520	->
	21	(29)

3521	->
	3157	(68)
	3159	(60)

3522	->
	1929	(243)
	1930	(102)
	1932	(380)

3523	->
	1419	(48)

3524	->
	1622	(42)

3525	->
	1045	(123)

3526	->
	402	(41)
	403	(25)

3527	->
	2470	(15)

3528	->
	2026	(141)

3529	->
	3446	(20)

3530	->
	1558	(19)

3531	->
	3721	(153)

3532	->
	3698	(23)

3533	->
	3028	(21)
	3030	(24)

3534	->
	3692	(34)

3535	->
	275	(46)

3536	->
	1682	(61)
	1684	(88)

3537	->
	2208	(13)

3538	->
	426	(49)
	429	(91)

3539	->
	1096	(18)

3540	->
	3432	(183)
	3433	(51)

3541	->
	753	(16)
	755	(42)

3542	->
	2202	(17)
	2200	(15)

3543	->
	1346	(25)

3544	->
	3337	(39)

3545	->
	906	(20)

3546	->
	1519	(20)

3547	->
	2406	(17)

3548	->
	3387	(249)

3549	->
	1151	(18)

3550	->
	368	(22)
	371	(39)

3551	->
	152	(39)

3552	->
	1467	(22)

3553	->
	71	(23)

3554	->
	1835	(243)
	1836	(39)
	1834	(202)

3555	->
	495	(24)
	496	(16)
	523	(29)

3556	->
	372	(82)

3557	->
	3053	(48)

3558	->
	2389	(21)
	2390	(48)
	2392	(20)

3559	->
	3567	(35)
	3569	(22)

3560	->
	2836	(67)

3561	->
	569	(20)

3562	->
	1231	(24)

3563	->
	2584	(39)

3564	->
	1444	(46)

3565	->
	877	(39)
	718	(24)

3566	->
	3243	(14)

3567	->
	1968	(35)

3568	->
	33	(22)

3569	->
	2022	(22)

3570	->
	1722	(40)
	1727	(22)

3571	->
	175	(24)
	179	(108)

3572	->
	1476	(24)

3573	->
	663	(27)

3574	->
	2483	(48)

3575	->
	1336	(64)

3576	->
	3782	(12)

3577	->
	3020	(29)

3578	->
	3099	(47)

3579	->
	3232	(23)

3580	->
	3195	(39)

3581	->
	2001	(15)

3582	->
	467	(60)
	259	(47)

3583	->
	3647	(25)

3584	->
	2414	(37)
	2409	(35)

3585	->
	2992	(146)

3586	->
	2059	(52)

3587	->
	878	(46)

3588	->
	3162	(22)

3589	->
	700	(165)
	699	(19)

3590	->
	3060	(17)

3591	->
	632	(85)
	633	(25)

3592	->
	114	(24)
	115	(17)
	111	(40)

3593	->
	3522	(205)

3594	->
	1378	(81)

3595	->
	1689	(49)
	1690	(24)
	1692	(25)

3596	->
	3639	(20)
	3648	(19)

3597	->
	334	(21)

3598	->
	1919	(27)

3599	->
	2333	(19)

3600	->
	653	(54)

3601	->
	3370	(15)

3602	->
	1941	(41)
	1949	(19)

3603	->
	2158	(45)

3604	->
	2214	(16)

3605	->
	602	(40)

3606	->
	1347	(44)

3607	->
	484	(27)

3608	->
	1815	(172)

3609	->
	450	(41)
	451	(167)
	455	(77)

3610	->
	1048	(72)

3611	->
	2374	(35)
	2375	(23)
	2376	(23)

3612	->
	1558	(77)

3613	->
	1022	(13)

3614	->
	2509	(23)

3615	->
	436	(20)
	434	(39)

3616	->
	3744	(98)
	3712	(42)
	3713	(20)

3617	->
	731	(212)

3618	->
	2130	(14)

3619	->
	3678	(21)

3620	->
	1843	(15)

3621	->
	1285	(13)

3622	->
	2531	(63)

3623	->
	735	(53)

3624	->
	268	(21)

3625	->
	2804	(26)

3626	->
	1170	(21)
	1171	(34)

3627	->
	1373	(22)

3628	->
	3427	(59)

3629	->
	1350	(16)

3630	->
	1308	(34)

3631	->
	3237	(103)

3632	->
	3235	(58)

3633	->
	3313	(21)

3634	->
	448	(116)
	449	(22)
	457	(189)

3635	->
	3063	(82)

3636	->
	3663	(22)
	3665	(61)

3637	->
	680	(51)

3638	->
	3821	(20)

3639	->
	573	(20)

3640	->
	1063	(20)

3641	->
	343	(65)

3642	->
	2356	(18)
	2358	(17)

3643	->
	2583	(32)

3644	->
	3264	(125)

3645	->
	934	(26)

3646	->
	1397	(18)

3647	->
	2422	(41)
	2430	(23)

3648	->
	281	(19)

3649	->
	1414	(131)
	1415	(123)
	1401	(266)

3650	->
	1077	(35)
	1074	(16)

3651	->
	3412	(43)

3652	->
	390	(50)
	392	(28)

3653	->
	1991	(19)

3654	->
	3439	(41)

3655	->
	2565	(37)
	2568	(13)

3656	->
	2746	(46)

3657	->
	1600	(144)

3658	->
	1593	(88)

3659	->
	2077	(48)

3660	->
	3402	(43)

3661	->
	1319	(25)

3662	->
	3340	(44)
	3345	(18)

3663	->
	3016	(22)

3664	->
	1007	(16)
	1008	(48)

3665	->
	816	(61)

3666	->
	3274	(170)
	3277	(151)

3667	->
	3227	(16)

3668	->
	2471	(22)

3669	->
	1109	(14)

3670	->
	1454	(26)
	1441	(21)

3671	->
	2622	(21)

3672	->
	2651	(47)

3673	->
	2588	(50)

3674	->
	1392	(199)
	1393	(34)

3675	->
	1480	(43)
	1483	(13)

3676	->
	162	(17)
	159	(17)

3677	->
	2850	(103)
	2843	(178)
	2844	(60)

3678	->
	3533	(21)
	3537	(13)

3679	->
	1385	(27)

3680	->
	3709	(22)

3681	->
	1403	(16)

3682	->
	2355	(172)

3683	->
	1559	(18)
	1560	(28)

3684	->
	2052	(58)

3685	->
	1490	(38)

3686	->
	3556	(82)
	3558	(89)

3687	->
	2814	(40)

3688	->
	3560	(19)

3689	->
	1886	(23)

3690	->
	2614	(75)

3691	->
	2490	(155)

3692	->
	2924	(101)

3693	->
	2190	(35)

3694	->
	2398	(61)

3695	->
	2487	(23)

3696	->
	585	(116)

3697	->
	1552	(15)
	1541	(265)

3698	->
	2509	(62)

3699	->
	2980	(21)

3700	->
	3043	(28)

3701	->
	1012	(22)
	1015	(15)

3702	->
	2872	(40)
	3258	(28)

3703	->
	2416	(25)

3704	->
	2711	(40)

3705	->
	2530	(18)

3706	->
	1134	(35)

3707	->
	345	(258)

3708	->
	1332	(15)
	1333	(90)

3709	->
	3792	(22)
	3793	(17)

3710	->
	1584	(27)

3711	->
	985	(23)

3712	->
	3795	(42)

3713	->
	151	(44)

3714	->
	1449	(19)

3715	->
	1257	(65)

3716	->
	2209	(21)
	2210	(67)

3717	->
	2342	(17)

3718	->
	573	(46)

3719	->
	1105	(47)

3720	->
	3389	(15)

3721	->
	2513	(185)
	2519	(53)
	2522	(70)

3722	->
	3387	(36)

3723	->
	3011	(19)
	3012	(57)
	3019	(21)

3724	->
	1414	(61)
	1401	(32)

3725	->
	373	(18)

3726	->
	171	(39)
	173	(58)

3727	->
	549	(12)

3728	->
	422	(28)
	423	(14)

3729	->
	2132	(216)

3730	->
	1248	(79)

3731	->
	1607	(23)
	1611	(15)

3732	->
	2492	(63)

3733	->
	438	(22)
	410	(22)
	411	(43)

3734	->
	1998	(55)
	1987	(24)
	1989	(44)

3735	->
	1404	(48)
	1406	(25)

3736	->
	3054	(39)

3737	->
	993	(37)

3738	->
	3039	(14)

3739	->
	1188	(18)

3740	->
	3236	(37)

3741	->
	1070	(59)

3742	->
	1307	(65)

3743	->
	2520	(62)

3744	->
	2380	(134)

3745	->
	690	(19)
	692	(34)
	689	(17)

3746	->
	2676	(39)

3747	->
	1058	(48)

3748	->
	987	(86)
	989	(26)

3749	->
	2908	(71)
	2911	(83)

3750	->
	3606	(44)
	3640	(20)

3751	->
	1101	(37)

3752	->
	1920	(75)
	1914	(18)

3753	->
	3089	(25)

3754	->
	3631	(16)
	3632	(20)

3755	->
	3153	(13)

3756	->
	2093	(47)

3757	->
	2973	(203)

3758	->
	1682	(17)
	1683	(48)
	1684	(17)

3759	->
	2964	(21)

3760	->
	1185	(19)
	1186	(148)
	1196	(234)

3761	->
	2307	(15)

3762	->
	1034	(22)

3763	->
	902	(18)
	903	(47)

3764	->
	1032	(64)
	1144	(24)

3765	->
	2253	(73)

3766	->
	1477	(163)

3767	->
	860	(21)
	861	(97)
	869	(34)

3768	->
	3650	(33)

3769	->
	1524	(124)

3770	->
	2778	(30)
	2779	(51)
	2793	(80)

3771	->
	1181	(24)
	1174	(17)

3772	->
	1200	(22)
	1207	(44)
	1209	(46)

3773	->
	2218	(17)
	2219	(25)

3774	->
	2856	(18)
	2859	(25)

3775	->
	1556	(40)

3776	->
	3670	(21)

3777	->
	1922	(21)

3778	->
	708	(17)
	709	(41)
	719	(27)

3779	->
	3505	(18)

3780	->
	1222	(20)

3781	->
	3634	(158)

3782	->
	1935	(57)
	1937	(15)
	1938	(12)

3783	->
	767	(20)

3784	->
	3179	(16)

3785	->
	214	(62)

3786	->
	2	(196)

3787	->
	184	(352)

3788	->
	3357	(39)
	3358	(18)

3789	->
	2042	(16)

3790	->
	2146	(18)

3791	->
	662	(15)
	660	(22)
	661	(21)

3792	->
	357	(22)

3793	->
	1258	(20)
	1263	(17)

3794	->
	1712	(113)
	1728	(298)

3795	->
	1651	(69)
	1653	(18)
	1654	(27)

3796	->
	2503	(24)

3797	->
	641	(81)
	643	(25)
	638	(47)

3798	->
	2086	(21)

3799	->
	505	(20)
	507	(22)

3800	->
	2087	(43)

3801	->
	2147	(49)
	2151	(129)
	2153	(126)

3802	->
	2135	(41)
	2138	(19)

3803	->
	2408	(39)

3804	->
	2170	(41)

3805	->
	2189	(277)

3806	->
	916	(23)
	913	(41)

3807	->
	2385	(40)

3808	->
	1959	(80)
	1960	(35)

3809	->
	2186	(20)

3810	->
	242	(24)
	226	(23)
	228	(18)

3811	->
	1816	(22)

3812	->
	1109	(16)

3813	->
	1255	(45)

3814	->
	3744	(36)
	3713	(24)

3815	->
	51	(154)
	54	(15)
	55	(42)

3816	->
	680	(100)

3817	->
	469	(20)

3818	->
	3188	(43)

3819	->
	1521	(19)

3820	->
	3636	(65)

3821	->
	3748	(85)

3822	->
	3684	(35)

3823	->
	3721	(155)

3824	->
	484	(66)

3825	->
	441	(26)

